0.325     40.34         3.06036
0.375     38.04         2.82567
0.425     35.75         3.24854
0.475     31.98         3.88861
0.525     28.73         1.8228
0.575     25.61         1.76819
0.625     23.25         1.52555
0.675     21.04         1.43098
0.725     19.63         1.38004
0.775     17.59         1.1814
0.825     15.64         1.03581
0.875     14.32         0.910934
0.925     12.6         0.790569
0.975     11.27         0.736817
1.05     9.151         0.583785
1.15     7.013         0.437495
1.25     5.565         0.50632
1.35     4.328         0.39994
1.45     3.262         0.307313
1.55     2.525         0.244965
1.65     1.932         0.193499
1.75     1.484         0.154208
1.85     1.165         0.126921
1.95     0.8959         0.101992
