69.19550 62.73290 56.42360 50.41600 44.80640 39.64820 34.96230 30.74600 26.98060 23.63750 20.68250 18.07950 15.79250 13.78670 11.23550 8.54095 6.48287 4.91280 3.71636 2.80587 2.11415 1.58969 1.19291 0.89341
52.84110 48.80980 44.76160 40.79570 36.98590 33.38340 30.01970 26.91090 24.06140 21.46660 19.11630 16.99630 15.09060 13.38210 11.15200 8.71522 6.78579 5.26499 4.07120 3.13782 2.41085 1.84680 1.41073 1.07479
21.74830 19.42320 17.18310 15.08090 13.14840 11.40050 9.83959 8.45990 7.25014 6.19617 5.28265 4.49419 3.81604 3.23447 2.51629 1.79101 1.26786 0.89309 0.62630 0.43745 0.30446 0.21124 0.14616 0.10089
30.10640 27.78390 25.47130 23.22210 21.07390 19.05140 17.16810 15.42990 13.83640 12.38340 11.06430 9.87068 8.79371 7.82420 6.55187 5.15096 4.03243 3.14413 2.44217 1.89006 1.45774 1.12060 0.85872 0.65602
22.25090 20.23900 18.26030 16.36260 14.57790 12.92530 11.41350 10.04350 8.81144 7.70991 6.72983 5.86127 5.09411 4.41851 3.55655 2.64600 1.95504 1.43524 1.04741 0.76026 0.54914 0.39491 0.28288 0.20192
17.17890 15.48280 13.82990 12.26020 10.79940 9.46180 8.25267 7.17089 6.21105 5.36508 4.62352 3.97635 3.41363 2.92585 2.31547 1.68750 1.22444 0.88503 0.63754 0.45789 0.32801 0.23443 0.16722 0.11908
33.45080 30.57990 27.71340 24.92520 22.26990 19.78420 17.48980 15.39620 13.50380 11.80670 10.29460 8.95448 7.77225 6.73329 5.41222 4.02414 2.97697 2.19270 1.60888 1.17656 0.85787 0.62389 0.45270 0.32783
62.23950 55.89180 49.70500 43.83480 38.38350 33.40800 28.92990 24.94510 21.43190 18.35750 15.68370 13.36980 11.37560 9.66280 7.54434 5.40054 3.84974 2.73435 1.93596 1.36684 0.96262 0.67645 0.47444 0.33219
17.80200 16.31570 14.82880 13.37910 11.99440 10.69390 9.48890 8.38493 7.38284 6.48018 5.67227 4.95303 4.31565 3.75300 3.03368 2.27228 1.69318 1.25606 0.92821 0.68366 0.50208 0.36782 0.26887 0.19618
25.33600 22.95680 20.61550 18.37050 16.26210 14.31460 12.54000 10.94060 9.51212 8.24566 7.12972 6.15135 5.29722 4.55417 3.62070 2.65556 1.94005 1.41272 1.02592 0.74329 0.53745 0.38796 0.27964 0.20132
47.87320 42.92180 38.09140 33.50690 29.25070 25.36970 21.88210 18.78560 16.06300 13.68850 11.63140 9.85894 8.33873 7.03984 5.44445 3.84681 2.70595 1.89641 1.32489 0.92311 0.64167 0.44515 0.30827 0.21317
24.04900 22.17090 20.29450 18.46420 16.71220 15.05990 13.52020 12.09890 10.79720 9.61233 8.53941 7.57197 6.70275 5.92415 4.90956 3.80497 2.93573 2.25612 1.72777 1.31905 1.00427 0.76280 0.57819 0.43748
11.23970 9.99316 8.79495 7.67385 6.64708 5.72258 4.90140 4.17987 3.55143 3.00791 2.54052 2.14051 1.79950 1.50978 1.15628 0.80551 0.55782 0.38423 0.26341 0.17982 0.12229 0.08290 0.05603 0.03778
39.44230 35.77760 32.16200 28.68730 25.41740 22.39240 19.63240 17.14240 14.91700 12.94290 11.20270 9.67664 8.34391 7.18409 5.72621 4.21703 3.09578 2.26691 1.65649 1.20829 0.88003 0.64010 0.46506 0.33756
37.71750 35.06750 32.39540 29.76450 27.22240 24.80230 22.52540 20.40340 18.44020 16.63470 14.98180 13.47390 12.10240 10.85760 9.20695 7.36188 5.86144 4.64670 3.66761 2.88208 2.25480 1.75626 1.36190 1.05139
23.35010 21.47830 19.62600 17.83580 16.13690 14.54710 13.07540 11.72430 10.49140 9.37179 8.35850 7.44386 6.61992 5.87890 4.90675 3.83576 2.97960 2.29903 1.76140 1.33950 1.01070 0.75626 0.56075 0.41161
111.01400 102.92900 94.77850 86.75900 79.01790 71.65930 64.75090 58.32990 52.41080 46.99070 42.05450 37.57890 33.53570 29.89380 25.11400 19.85300 15.65300 12.31400 9.66829 7.57747 5.92909 4.63227 3.61402 2.81595
65.85420 60.22900 54.64630 49.24340 44.11770 39.33190 34.92040 30.89550 27.25390 23.98090 21.05520 18.45150 16.14270 14.10150 11.48410 8.69668 6.55707 4.92423 3.68453 2.74772 2.04285 1.51460 1.12013 0.82654
70.54660 63.67100 56.93300 50.50180 44.49150 38.96920 33.96510 29.48130 25.50070 21.99340 18.92230 16.24690 13.92600 11.91950 9.41785 6.85706 4.97859 3.60697 2.60875 1.88411 1.35910 0.97935 0.70504 0.50715
26.91730 24.21470 21.58070 19.08020 16.75560 14.63060 12.71420 11.00490 9.49372 8.16744 7.01022 6.00534 5.13613 4.38666 3.45490 2.50454 1.81002 1.30474 0.93842 0.67362 0.48269 0.34532 0.24669 0.17601
17.09630 15.29390 13.53910 11.87730 10.33830 8.93849 7.68402 6.57338 5.59984 4.75348 4.02269 3.39525 2.85910 2.40278 1.84510 1.29078 0.89858 0.62298 0.43040 0.29646 0.20367 0.13961 0.09551 0.06523
49.74180 46.62540 43.44330 40.26890 37.16000 34.15950 31.29760 28.59330 26.05730 23.69360 21.50170 19.47740 17.61430 15.90470 13.60910 11.00260 8.85024 7.08508 5.64663 4.48127 3.54230 2.78955 2.18889 1.71166
30.04740 28.17050 26.21560 24.23290 22.26550 20.34810 18.50710 16.76140 15.12310 13.59890 12.19100 10.89890 9.71918 8.64722 7.22831 5.65451 4.39423 3.39516 2.60994 1.99737 1.52254 1.15653 0.87577 0.66130
77.27290 72.84290 68.26340 63.64150 59.06560 54.60510 50.31180 46.22170 42.35770 38.73230 35.34970 32.20820 29.30160 26.62080 22.99870 18.84940 15.38550 12.51060 10.13690 8.18608 6.58976 5.28879 4.23252 3.37794
19.19670 17.72630 16.25180 14.80850 13.42220 12.11020 10.88320 9.74645 8.70120 7.74598 6.87744 6.09114 5.38197 4.74453 3.91096 3.00058 2.28378 1.72515 1.29394 0.96404 0.71371 0.52518 0.38419 0.27943
74.41000 67.36090 60.44500 53.83260 47.63840 41.93060 36.74010 32.07050 27.90630 24.21910 20.97320 18.12940 15.64750 13.48830 10.77430 7.96305 5.87102 4.32059 3.17489 2.33014 1.70834 1.25131 0.91580 0.66976
69.85660 63.71700 57.68120 51.89220 46.44610 41.39990 36.78010 32.59040 28.81890 25.44340 22.43570 19.76470 17.39860 15.30640 12.61830 9.73863 7.50310 5.77004 4.42833 3.39131 2.59137 1.97573 1.50308 1.14114
16.11900 14.45730 12.83880 11.30430 9.88050 8.58214 7.41481 6.37729 5.46378 4.66566 3.97278 3.37442 2.85996 2.41929 1.87633 1.33024 0.93845 0.65927 0.46146 0.32199 0.22406 0.15554 0.10775 0.07451
37.39500 34.25010 31.13220 28.11630 25.25510 22.58210 20.11530 17.86090 15.81680 13.97480 12.32340 10.84860 9.53605 8.37093 6.86880 5.25608 4.00563 3.04114 2.30073 1.73484 1.30413 0.97757 0.73087 0.54512
21.42910 19.21410 17.06290 15.02870 13.14510 11.43010 9.88970 8.52112 7.31589 6.26211 5.34612 4.55373 3.87100 3.28473 2.55987 1.82692 1.29752 0.91766 0.64661 0.45415 0.31807 0.22222 0.15492 0.10781
27.54030 24.74300 22.03730 19.48660 17.12980 14.98610 13.05990 11.34560 9.83122 8.50093 7.33746 6.32332 5.44165 4.67677 3.71753 2.72583 1.98927 1.44505 1.04504 0.75257 0.53982 0.38581 0.27483 0.19519
51.02320 46.35340 41.78050 37.41330 33.32330 29.55160 26.11560 23.01550 20.23960 17.76860 15.57920 13.64620 11.94410 10.44830 8.54155 6.52176 4.97430 3.79012 2.88470 2.19298 1.66504 1.26257 0.95616 0.72322
55.19570 50.62130 46.07210 41.65910 37.46130 33.53050 29.89560 26.56810 23.54670 20.82100 18.37510 16.18940 14.24300 12.51460 10.28520 7.89005 6.03108 4.59513 3.49056 2.64409 1.99771 1.50574 1.13242 0.84994
26.55560 24.37920 22.20760 20.09420 18.07790 16.18430 14.42830 12.81630 11.34850 10.02090 8.82657 7.75693 6.80259 5.95393 4.85837 3.68215 2.77268 2.07526 1.54451 1.14347 0.84240 0.61776 0.45105 0.32798
16.56060 15.32940 14.10130 12.90430 11.75800 10.67530 9.66347 8.72554 7.86160 7.06966 6.34646 5.68804 5.09004 4.54806 3.83066 3.03124 2.38444 1.86448 1.44922 1.11974 0.85999 0.65650 0.49805 0.37539
19.30170 17.84570 16.39800 14.99150 13.64900 12.38510 11.20750 10.11940 9.12010 8.20676 7.37499 6.61962 5.93510 5.31588 4.49764 3.58689 2.84947 2.25486 1.77739 1.39563 1.09167 0.85069 0.66041 0.51077
26.36610 24.28480 22.17090 20.08160 18.06260 16.14720 14.35800 12.70790 11.20200 9.84009 8.61739 7.52653 6.55839 5.70300 4.60890 3.45093 2.57085 1.90720 1.40990 1.03919 0.76403 0.56054 0.41052 0.30019
24.68930 22.74580 20.79360 18.88060 17.04260 15.30440 13.68150 12.18210 10.80850 9.55932 8.43000 7.41433 6.50497 5.69403 4.64454 3.51564 2.64248 1.97376 1.46607 1.08358 0.79739 0.58451 0.42701 0.31100
10.98530 10.01710 9.06048 8.13850 7.26701 6.45585 5.71015 5.03141 4.41862 3.86903 3.37887 2.94374 2.55903 2.22010 1.78773 1.33144 0.98570 0.72592 0.53216 0.38856 0.28274 0.20512 0.14844 0.10718
75.59050 69.06020 62.59510 56.35310 50.44500 44.94100 39.87840 35.26960 31.10840 27.37650 24.04740 21.09050 18.47320 16.16300 13.20500 10.05820 7.64145 5.79206 4.38099 3.30709 2.49175 1.87410 1.40722 1.05502
110.49100 99.48610 88.76260 78.58230 69.11500 60.45470 52.63730 45.65610 39.47580 34.04300 29.29460 25.16390 21.58420 18.49140 14.63640 10.68910 7.78950 5.66744 4.11834 2.98960 2.16830 1.57140 1.13802 0.82363
41.91170 38.35720 34.81100 31.36310 28.07940 25.00430 22.16350 19.56850 17.21980 15.10980 13.22620 11.55320 10.07360 8.76962 7.10503 5.34476 4.00509 2.99140 2.22791 1.65513 1.22687 0.90763 0.67027 0.49422
54.76660 50.53670 46.29360 42.14150 38.15730 34.39370 30.88320 27.64170 24.67280 21.97130 19.52590 17.32160 15.34150 13.56790 11.25570 8.73531 6.74736 5.18851 3.97276 3.02950 2.30128 1.74173 1.31371 0.98765
70.71180 64.86440 59.06770 53.45900 48.13440 43.15480 38.55340 34.34170 30.51600 27.06190 23.95850 21.18100 18.70290 16.49750 13.64400 10.56300 8.15531 6.28086 4.82611 3.70027 2.83127 2.16218 1.64822 1.25430
124.69200 112.47500 100.53900 89.17670 78.58280 68.86780 60.07730 52.20900 45.22790 39.07790 33.69160 28.99630 24.91900 21.38940 16.97920 12.44780 9.10596 6.65046 4.85081 3.53431 2.57266 1.87107 1.35976 0.98749
53.13190 47.69440 42.45860 37.54320 33.01840 28.91610 25.24050 21.97720 19.10010 16.57660 14.37180 12.45080 10.78020 9.32929 7.50472 5.60624 4.18006 3.10978 2.30777 1.70804 1.26071 0.92804 0.68139 0.49908
78.15230 72.09970 65.96880 59.91990 54.07820 48.53480 43.35020 38.55880 34.17440 30.19530 26.60870 23.39410 20.52660 17.97900 14.69580 11.18060 8.46980 6.39316 4.81085 3.61055 2.70348 2.02022 1.50700 1.12245
22.92910 20.70810 18.53960 16.47600 14.55170 12.78590 11.18630 9.75194 8.47632 7.34929 6.35878 5.49195 4.73597 4.07851 3.25215 2.39602 1.75891 1.28710 0.93918 0.68356 0.49639 0.35974 0.26025 0.18798
25.15180 23.32020 21.47010 19.64630 17.88280 16.20420 14.62650 13.15900 11.80540 10.56560 9.43637 8.41275 7.48847 6.65659 5.56630 4.36950 3.41816 2.66600 2.07395 1.60966 1.24673 0.96385 0.74392 0.57332
96.59820 86.42750 76.59390 67.33420 58.79510 51.05080 44.12050 37.98510 32.60020 27.90690 23.83930 20.32990 17.31290 14.72680 11.53360 8.30541 5.96767 4.28041 3.06556 2.19252 1.56614 1.11739 0.79635 0.56698
33.26870 30.25360 27.31200 24.51150 21.89520 19.48640 17.29330 15.31370 13.53820 11.95320 10.54310 9.29149 8.18244 7.20074 5.93675 4.57764 3.51802 2.69390 2.05498 1.56155 1.18211 0.89163 0.67025 0.50224
13.66720 12.45750 11.25250 10.08330 8.97300 7.93670 6.98315 6.11595 5.33490 4.63708 4.01782 3.47143 2.99168 2.57224 2.04263 1.49227 1.08307 0.78159 0.56121 0.40120 0.28571 0.20278 0.14350 0.10128
68.41670 62.03890 55.80700 49.86880 44.32060 39.21630 34.57730 30.40140 26.67060 23.35680 20.42660 17.84430 15.57460 13.58330 11.04990 8.37411 6.33192 4.77664 3.59469 2.69856 2.02088 1.50978 1.12541 0.83712
14.70130 13.31120 11.94630 10.64030 9.41623 8.28780 7.26129 6.33745 5.51321 4.78296 4.13965 3.57556 3.08280 2.65371 2.11378 1.55390 1.13724 0.82899 0.60211 0.43588 0.31461 0.22647 0.16263 0.11654
16.70830 14.76560 12.90880 11.18260 9.61238 8.20909 6.97256 5.89533 4.96549 4.16885 3.49045 2.91560 2.43048 2.02247 1.53073 1.05086 0.71811 0.48878 0.33152 0.22416 0.15115 0.10168 0.06825 0.04573
14.67710 13.13670 11.65270 10.25940 8.97719 7.81548 6.77569 5.85381 5.04247 4.33253 3.71414 3.17748 2.71318 2.31255 1.81388 1.30460 0.93254 0.66277 0.46856 0.32968 0.23097 0.16121 0.11215 0.07779
21.52060 19.62540 17.71520 15.84490 14.05680 12.38090 10.83600 9.43122 8.16865 7.04482 6.05267 5.18285 4.42480 3.76754 2.94699 2.10879 1.49863 1.05887 0.74451 0.52132 0.36375 0.25306 0.17560 0.12160
34.75010 32.28060 29.76410 27.26400 24.83030 22.50010 20.29890 18.24230 16.33790 14.58770 12.98910 11.53650 10.22250 9.03848 7.48618 5.78516 4.44037 3.38719 2.56934 1.93905 1.45663 1.08964 0.81199 0.60297
54.19720 50.90970 47.49860 44.04820 40.62960 37.30000 34.10270 31.06810 28.21590 25.55670 23.09420 20.82660 18.74820 16.85080 14.32170 11.48280 9.17031 7.29888 5.79230 4.58475 3.62051 2.85310 2.24414 1.76216
47.28020 42.77660 38.38780 34.21710 30.33110 26.76590 23.53490 20.63490 18.05170 15.76440 13.74820 11.97730 10.42590 9.06947 7.35107 5.54662 4.17818 3.14203 2.35856 1.76708 1.32133 0.98608 0.73447 0.54607
69.14980 63.63990 58.14420 52.79490 47.68760 42.88580 38.42650 34.32620 30.58590 27.19580 24.13890 21.39390 18.93720 16.74430 13.89730 10.80900 8.38339 6.48559 5.00551 3.85452 2.96183 2.27125 1.73832 1.32801
18.46240 16.72870 15.02240 13.38630 11.84980 10.43060 9.13714 7.97084 6.92833 6.00306 5.18664 4.46977 3.84294 3.29681 2.60970 1.89857 1.37189 0.98526 0.70367 0.50005 0.35375 0.24923 0.17495 0.12240
81.43880 74.99450 68.58770 62.36850 56.44290 50.87950 45.71650 40.96920 36.63590 32.70340 29.15080 25.95310 23.08290 20.51240 17.15930 13.49460 10.58790 8.28903 6.47536 5.04782 3.92677 3.04845 2.36190 1.82647
46.10520 42.31760 38.56810 34.94510 31.50970 28.30020 25.33690 22.62600 20.16420 17.94140 15.94310 14.15290 12.55320 11.12660 9.27432 7.26164 5.67413 4.42430 3.44200 2.67143 2.06825 1.59723 1.23036 0.94537
29.62500 26.75830 23.99220 21.38780 18.98090 16.78770 14.81030 13.04120 11.46730 10.07220 8.83898 7.75046 6.79065 5.94486 4.86148 3.70481 2.81086 2.12248 1.59489 1.19273 0.88792 0.65822 0.48606 0.35767
26.00940 23.34020 20.78320 18.39390 16.20270 14.22170 12.44930 10.87590 9.48674 8.26482 7.19272 6.25361 5.43189 4.71342 3.80226 2.84354 2.11570 1.56576 1.15259 0.84408 0.61518 0.44637 0.32259 0.23231
72.21820 66.82700 61.40040 56.07080 50.93790 46.07150 41.51590 37.29460 33.41550 29.87450 26.65960 23.75330 21.13530 18.78360 15.70690 12.33470 9.65534 7.53583 5.86542 4.55343 3.52628 2.72457 2.10065 1.61641
17.72140 15.78100 13.92860 12.20520 10.63320 9.22112 7.96759 6.86479 5.90121 5.06360 4.33831 3.71207 3.17255 2.70852 2.13243 1.54473 1.11444 0.80073 0.57303 0.40851 0.29018 0.20545 0.14502 0.10209
14.93090 13.66740 12.42050 11.21950 10.08430 9.02660 8.05226 7.16242 6.35514 5.62649 4.97143 4.38437 3.85963 3.39163 2.78457 2.12738 1.61365 1.21518 0.90857 0.67450 0.49722 0.36394 0.26449 0.19080
38.81760 35.94520 33.05900 30.22720 27.50060 24.91430 22.49050 20.24060 18.16850 16.27210 14.54550 12.98000 11.56560 10.29140 8.61885 6.77826 5.31057 4.14666 3.22801 2.50598 1.94063 1.49944 1.15621 0.88992
53.22250 48.56850 43.97400 39.55010 35.37340 31.49160 27.92870 24.69100 21.77240 19.15830 16.82880 14.76130 12.93220 11.31810 9.25170 7.05274 5.36258 4.06786 3.07887 2.32535 1.75266 1.31846 0.99003 0.74215
23.28120 20.86380 18.51730 16.29950 14.24720 12.37970 10.70320 9.21448 7.90407 6.75877 5.76361 4.90305 4.16190 3.52578 2.73990 1.94648 1.37490 0.96624 0.67599 0.47106 0.32712 0.22648 0.15639 0.10775
36.92900 34.39660 31.84660 29.33750 26.91240 24.60120 22.42290 20.38790 18.50000 16.75830 15.15870 13.69490 12.35920 11.14320 9.52517 7.70799 6.22222 5.01214 4.02977 3.23453 2.59236 2.07496 1.65892 1.32498
30.93270 28.75340 26.55020 24.37540 22.26910 20.25980 18.36620 16.59900 14.96310 13.45830 12.08130 10.82690 9.68799 8.65711 7.29594 5.78565 4.56989 3.59665 2.82132 2.20638 1.72060 1.33828 1.03842 0.80396
44.59650 40.88720 37.16740 33.53430 30.06070 26.79690 23.77370 21.00560 18.49530 16.23650 14.21680 12.42060 10.82990 9.42631 7.63217 5.73187 4.28389 3.18788 2.36303 1.74542 1.28512 0.94349 0.69090 0.50478
41.02560 37.69730 34.38810 31.17660 28.11890 25.25120 22.59410 20.15590 17.93620 15.92800 14.12040 12.50030 11.05290 9.76345 8.09338 6.28808 4.87570 3.77462 2.91843 2.25401 1.73923 1.34095 1.03317 0.79556
20.58610 18.95070 17.33330 15.77040 14.28660 12.89670 11.60820 10.42270 9.33842 8.35107 7.45498 6.64384 5.91117 5.25061 4.38177 3.42205 2.65358 2.04259 1.56038 1.18268 0.88905 0.66249 0.48898 0.35708
42.32390 38.96880 35.64300 32.42240 29.35960 26.48730 23.82290 21.37230 19.13320 17.09790 15.25530 13.59260 12.09600 10.75170 8.99206 7.06042 5.52255 4.30391 3.34251 2.58726 1.99635 1.53579 1.17812 0.90130
18.09250 15.98960 14.00350 12.17490 10.52370 9.05439 7.76129 6.63265 5.65360 4.80825 4.08091 3.45688 2.92276 2.46656 1.90561 1.34222 0.93862 0.65188 0.44984 0.30861 0.21061 0.14306 0.09677 0.06522
19.16150 17.62420 16.10680 14.64290 13.25430 11.95360 10.74660 9.63394 8.61321 7.68012 6.82948 6.05582 5.35372 4.71801 3.87831 2.94799 2.20435 1.61807 1.16261 0.81418 0.55190 0.35780 0.21684 0.11662
16.78890 15.59940 14.39740 13.21050 12.05990 10.96040 9.92195 8.95028 8.04805 7.21563 6.45174 5.75402 5.11936 4.54423 3.78481 2.94462 2.27352 1.74305 1.32774 1.00537 0.75709 0.56722 0.42292 0.31389
27.41160 24.27240 21.26310 18.45700 15.89720 13.60300 11.57560 9.80439 8.27123 6.95405 5.82935 4.87387 4.06559 3.38430 2.56132 1.75631 1.19732 0.81208 0.54832 0.36878 0.24717 0.16517 0.11009 0.07322
76.25740 71.38440 66.41750 61.47300 56.64170 51.99130 47.56830 43.40230 39.50890 35.89340 32.55290 29.47950 26.66120 24.08410 20.63700 16.74060 13.53360 10.90660 8.76341 7.02159 5.61092 4.47225 3.55601 2.82095
13.88360 12.48310 11.12630 9.84479 8.65837 7.57680 6.60261 5.73333 4.96330 4.28511 3.69055 3.17130 2.71928 2.32691 1.83511 1.32833 0.95465 0.68154 0.48360 0.34123 0.23957 0.16745 0.11656 0.08085
23.65650 21.25810 18.92060 16.70250 14.64210 12.76070 11.06650 9.55776 8.22638 7.06008 6.04447 5.16434 4.40460 3.75089 2.94037 2.11695 1.51823 1.08516 0.77328 0.54952 0.38954 0.27551 0.19448 0.13703
10.02750 9.05901 8.11228 7.21040 6.36856 5.59535 4.89424 4.26494 3.70469 3.20914 2.77310 2.39109 2.05758 1.76732 1.40233 1.02437 0.74385 0.53720 0.38603 0.27613 0.19671 0.13962 0.09877 0.06967
76.07210 69.17100 62.36510 55.82230 49.65890 43.94690 38.72240 33.99460 29.75340 25.97550 22.62970 19.68060 17.09110 14.82440 11.95350 8.94733 6.68189 4.98135 3.70844 2.75761 2.04853 1.52047 1.12766 0.83578
23.25890 20.99200 18.75190 16.59940 14.57750 12.71360 11.02160 9.50502 8.16010 6.97789 5.94635 5.05189 4.28041 3.61801 2.80035 1.97731 1.38751 0.96854 0.67308 0.46598 0.32155 0.22128 0.15191 0.10409
32.76550 30.18570 27.62180 25.13320 22.76110 20.53190 18.45960 16.54950 14.80040 13.20700 11.76120 10.45370 9.27457 8.21369 6.82286 5.29509 4.08086 3.12337 2.37423 1.79257 1.34432 1.00137 0.74078 0.54410
34.38020 32.19420 29.96170 27.73540 25.55700 23.45750 21.45860 19.57380 17.81070 16.17170 14.65570 13.25940 11.97760 10.80400 9.23221 7.45266 5.98646 4.78562 3.80764 3.01550 2.37727 1.86569 1.45765 1.13373
26.09910 23.26780 20.53710 17.97340 15.61740 13.48910 11.59230 9.92024 8.45915 7.19134 6.09746 5.15801 4.35429 3.66891 2.82860 1.98883 1.39058 0.96740 0.66995 0.46207 0.31755 0.21753 0.14860 0.10127
70.76360 65.65940 60.50260 55.41840 50.50220 45.82230 41.42320 37.33010 33.55340 30.09200 26.93670 24.07320 21.48380 19.14910 16.08080 12.69740 9.99125 7.83686 6.12866 4.77924 3.71694 2.88342 2.23148 1.72307
17.55690 15.95300 14.36400 12.83090 11.38300 10.03900 8.80868 7.69521 6.69685 5.80851 5.02309 4.33235 3.72760 3.20022 2.53611 1.84814 1.33815 0.96338 0.69007 0.49210 0.34954 0.24743 0.17461 0.12290
71.27750 64.54900 57.96110 51.67370 45.79330 40.38140 35.46430 31.04240 27.09840 23.60340 20.52230 17.81720 15.44970 13.38280 10.77140 8.04297 5.98950 4.44908 3.29682 2.43723 1.79769 1.32312 0.97188 0.71257
78.44430 71.47310 64.59020 57.96370 51.71020 45.90240 40.57740 35.74540 31.39750 27.51190 24.05850 21.00290 18.30920 15.94160 12.92690 9.74616 7.32806 5.49741 4.11600 3.07640 2.29582 1.71093 1.27347 0.94681
52.09450 48.26610 44.41660 40.63800 36.99900 33.54730 30.31290 27.31140 24.54780 22.01910 19.71700 17.62940 15.74240 14.04110 11.80450 9.33538 7.35669 5.77780 4.52285 3.52912 2.74514 2.12888 1.64616 1.26933
12.38570 11.39570 10.39760 9.41699 8.47336 7.58068 6.74797 5.98018 5.27911 4.64415 4.07302 3.56232 3.10795 2.70548 2.18912 1.64051 1.22206 0.90574 0.66841 0.49147 0.36025 0.26338 0.19213 0.13989
46.86620 42.78500 38.75380 34.87010 31.20160 27.79010 24.65700 21.80810 19.23830 16.93480 14.88060 13.05590 11.44040 10.01370 8.18532 6.23758 4.73916 3.59088 2.71388 2.04616 1.53928 1.15557 0.86587 0.64769
14.67200 13.43970 12.21200 11.01870 9.88143 8.81452 7.82640 6.92086 6.09820 5.35626 4.69123 4.09826 3.57194 3.10662 2.51075 1.87891 1.39780 1.03461 0.76245 0.55976 0.40963 0.29893 0.21763 0.15812
117.45000 107.63900 97.90010 88.46890 79.51250 71.13860 63.40670 56.33900 49.93090 44.15850 38.98600 34.37060 30.26610 26.62570 21.93620 16.90360 12.99750 9.97535 7.64266 5.84584 4.46437 3.40417 2.59196 1.97082
56.12560 52.43680 48.69620 44.99160 41.39000 37.93960 34.67200 31.60580 28.74920 26.10260 23.66120 21.41670 19.35860 17.47520 14.95170 12.08930 9.72225 7.77460 6.18060 4.88349 3.83430 2.99089 2.31712 1.78222
59.99710 55.64170 51.26850 46.98040 42.85310 38.93870 35.26940 31.86180 28.72060 25.84200 23.21620 20.83000 18.66790 16.71320 14.13410 11.27070 8.95939 7.10060 5.61071 4.42039 3.47253 2.72021 2.12501 1.65561
32.02120 29.75680 27.41700 25.06620 22.75830 20.53570 18.42940 16.45960 14.63810 12.96930 11.45240 10.08270 8.85308 7.75451 6.33090 4.79835 3.61264 2.70432 2.01428 1.49378 1.10356 0.81257 0.59657 0.43687
110.82200 100.71200 90.72220 81.10580 72.03920 63.63360 55.94670 48.99510 42.76560 37.22480 32.32690 28.01890 24.24550 20.95140 16.79440 12.46620 9.22767 6.81553 5.02492 3.69913 2.71958 1.99711 1.46508 1.07382
29.37700 26.78880 24.23070 21.76480 19.43430 17.26630 15.27470 13.46360 11.82990 10.36600 9.06128 7.90367 6.88041 5.97880 4.82790 3.61108 2.68604 1.98794 1.46455 1.07448 0.78534 0.57206 0.41542 0.30084
44.30590 40.28670 36.33970 32.55930 29.00910 25.72630 22.72790 20.01600 17.58210 15.41090 13.48340 11.77890 10.27600 8.95409 7.26842 5.48494 4.12402 3.09008 2.30776 1.71812 1.27538 0.94414 0.69716 0.51359
44.92800 41.50630 38.09510 34.77320 31.59670 28.60230 25.81110 23.23240 20.86660 18.70800 16.74730 14.97250 13.37040 11.92760 10.03260 7.94262 6.26900 4.93407 3.87304 3.03249 2.36870 1.84604 1.43568 1.11433
43.91470 40.79170 37.66590 34.60880 31.67200 28.88950 26.28170 23.85810 21.62010 19.56390 17.68180 15.96400 14.39960 12.97710 11.08510 8.95830 7.21480 5.78970 4.62851 3.68561 2.92282 2.30818 1.81491 1.42067
26.14090 23.46410 20.85400 18.37680 16.07610 13.97670 12.08790 10.40830 8.92881 7.63561 6.51240 5.54188 4.70688 3.99101 3.10772 2.21697 1.57524 1.11550 0.78764 0.55473 0.38981 0.27338 0.19140 0.13380
77.34430 70.80400 64.29010 57.96590 51.94980 46.32060 41.12320 36.37660 32.08000 28.21890 24.76950 21.70280 18.98690 16.58940 13.52100 10.26150 7.76481 5.86083 4.41395 3.31762 2.48906 1.86432 1.39426 1.04130
23.68910 21.56760 19.48370 17.48700 15.61080 13.87470 12.28780 10.85100 9.56015 8.40723 7.38232 6.47449 5.67261 4.96581 4.06167 3.09987 2.36015 1.79272 1.35849 1.02699 0.77456 0.58284 0.43761 0.32789
25.28870 23.13570 20.99140 18.90940 16.92860 15.07440 13.36140 11.79550 10.37650 9.09965 7.95759 6.94115 6.04036 5.24504 4.22802 3.15147 2.33338 1.71729 1.25705 0.91572 0.66420 0.47991 0.34557 0.24807
41.90240 37.55080 33.34870 29.39490 25.74990 22.44290 19.48060 16.85330 14.54160 12.51990 10.76060 9.23523 7.91662 6.77936 5.36346 3.91401 2.84840 2.06758 1.49710 1.08147 0.77949 0.56066 0.40248 0.28843
43.36890 40.65130 37.86680 35.08110 32.34690 29.70430 27.18210 24.79930 22.56710 20.49040 18.56930 16.80060 15.17850 13.69570 11.71460 9.48064 7.64894 6.15502 4.94177 3.95993 3.16776 2.53028 2.01846 1.60834
32.63830 29.63220 26.69970 23.90860 21.30230 18.90430 16.72300 14.75620 12.99440 11.42410 10.02960 8.79467 7.70327 6.74021 5.50597 4.18929 3.17403 2.39456 1.79890 1.34594 1.00321 0.74513 0.55168 0.40729
28.48470 26.54630 24.51910 22.46120 20.42360 18.44750 16.56410 14.79490 13.15310 11.64500 10.27150 9.02993 7.91456 6.91803 5.62746 4.24086 3.17198 2.35717 1.74184 1.28084 0.93783 0.68411 0.49740 0.36061
21.42110 19.78920 18.15560 16.55870 15.02660 13.57820 12.22530 10.97350 9.82423 8.77574 7.82410 6.96405 6.18950 5.49403 4.58487 3.59015 2.80216 2.18119 1.69394 1.31297 1.01600 0.78512 0.60602 0.46734
18.40070 16.75430 15.12180 13.54500 12.05370 10.66700 9.39508 8.24145 7.20453 6.27939 5.45896 4.73499 4.09881 3.54170 2.83612 2.09844 1.54481 1.13219 0.82651 0.60125 0.43604 0.31537 0.22756 0.16386
49.44540 45.59640 41.77070 38.05630 34.51470 31.18510 28.08910 25.23490 22.62150 20.24100 18.08180 16.12980 14.36990 12.78660 10.71020 8.42561 6.60231 5.15435 4.00975 3.10892 2.40286 1.85161 1.42279 1.09033
29.87740 27.27930 24.71880 22.25620 19.93230 17.77180 15.78650 13.97900 12.34540 10.87740 9.56431 8.39417 7.35464 6.43356 5.24879 3.98137 3.00368 2.25444 1.68384 1.25185 0.92664 0.68309 0.50159 0.36695
136.23700 123.66800 111.31100 99.46780 88.34460 78.06520 68.68870 60.22540 52.65100 45.91880 39.96840 34.73260 30.14240 26.12990 21.05450 15.74760 11.75270 8.75578 6.51321 4.83844 3.58982 2.66034 1.96939 1.45644
34.03270 30.42750 26.95280 23.69070 20.69040 17.97560 15.55070 13.40680 11.52660 9.88827 8.46783 7.24114 6.18499 5.27783 4.15416 3.01194 2.17877 1.57271 1.13289 0.81442 0.58432 0.41844 0.29912 0.21347
71.92450 65.33220 58.84010 52.60920 46.74990 41.32980 36.38180 31.91280 27.91110 24.35280 21.20660 18.43740 16.00880 13.88520 11.19770 8.38546 6.26604 4.67400 3.48097 2.58867 1.92243 1.42579 1.05614 0.78142
25.24580 23.00270 20.77870 18.63010 16.59680 14.70480 12.96800 11.39120 9.97268 8.70591 7.58153 6.58854 5.71518 4.94970 3.97899 2.96187 2.19594 1.62251 1.19525 0.87818 0.64374 0.47092 0.34388 0.25072
35.30760 32.37280 29.47130 26.67140 24.02040 21.54700 19.26590 17.18110 15.28890 13.58090 12.04520 10.66900 9.43855 8.34051 6.91400 5.36352 4.14220 3.18424 2.43624 1.85498 1.40554 1.05977 0.79511 0.59354
25.62160 23.35510 21.12140 18.97430 16.95060 15.07270 13.35140 11.78920 10.38240 9.12330 8.00205 7.00741 6.12784 5.35200 4.35925 3.30408 2.49485 1.87709 1.40748 1.05194 0.78380 0.58233 0.43148 0.31890
75.04210 69.14820 63.30690 57.65100 52.27210 47.22710 42.54600 38.23890 34.30150 30.72000 27.47500 24.54370 21.90210 19.52600 16.40890 12.97460 10.22610 8.03468 6.29360 4.91517 3.82762 2.97246 2.30221 1.77852
58.20590 53.08630 48.03480 43.17410 38.58870 34.33020 30.42450 26.87770 23.68210 20.82090 18.27150 16.00890 14.00690 12.23990 9.97709 7.56915 5.71988 4.30632 3.23057 2.41538 1.80019 1.33777 0.99145 0.73299
66.40920 60.73420 55.08680 49.60940 44.40500 39.54140 35.05710 30.96760 27.27140 23.95490 20.99670 18.37070 16.04870 14.00220 11.38790 8.61816 6.50303 4.89493 3.67656 2.75612 2.06252 1.54104 1.14978 0.85677
23.40080 21.24420 19.12910 17.10590 15.20840 13.45590 11.85690 10.41200 9.11627 7.96133 6.93691 6.03189 5.23503 4.53540 3.64592 2.71038 2.00324 1.47264 1.07722 0.78441 0.56883 0.41096 0.29591 0.21241
65.75440 59.94910 54.21900 48.70340 43.49910 38.66570 34.23380 30.21140 26.59090 23.35370 20.47450 17.92480 15.67440 13.69360 11.16560 8.48754 6.43938 4.87739 3.68862 2.78546 2.10041 1.58160 1.18933 0.89320
52.32120 49.46770 46.48250 43.43680 40.39240 37.39980 34.49850 31.71760 29.07700 26.58890 24.25960 22.09040 20.07920 18.22140 15.70830 12.82790 10.42500 8.43454 6.79591 5.45437 4.36165 3.47577 2.76073 2.18591
29.47070 25.99480 22.68410 19.61620 16.83460 14.35580 12.17720 10.28340 8.65166 7.25575 6.06843 5.06327 4.21565 3.50322 2.64526 1.80910 1.23050 0.83288 0.56131 0.37683 0.25212 0.16818 0.11189 0.07428
18.56630 16.78810 15.06620 13.43950 11.93140 10.55320 9.30696 8.18902 7.19187 6.30604 5.52136 4.82766 4.21535 3.67553 2.98441 2.24848 1.68305 1.25147 0.92445 0.67854 0.49501 0.35904 0.25899 0.18585
69.61350 62.56590 55.72980 49.26880 43.28600 37.83490 32.93160 28.56590 24.71000 21.32590 18.37080 15.80030 13.57130 11.64320 9.23431 6.75736 4.92802 3.58234 2.59607 1.87577 1.35152 0.97125 0.69630 0.49808
29.80750 27.38050 24.97300 22.64090 20.42330 18.34470 16.41840 14.64900 13.03520 11.57140 10.24960 9.06068 7.99453 7.04115 5.80118 4.45496 3.39978 2.57919 1.94575 1.46018 1.09037 0.81043 0.59969 0.44185
21.90050 19.62870 17.42480 15.34280 13.41680 11.66500 10.09300 8.69761 7.46997 6.39752 5.46604 4.66077 3.96726 3.37187 2.63560 1.89033 1.35067 0.96191 0.68305 0.48377 0.34183 0.24104 0.16965 0.11921
66.28440 60.58000 54.94710 49.52130 44.39580 39.62830 35.24770 31.26150 27.66170 24.43020 21.54290 18.97220 16.68980 14.66760 12.06440 9.27097 7.10194 5.42341 4.12876 3.13361 2.37137 1.78958 1.34706 1.01158
13.11190 12.02790 10.94900 9.90090 8.90223 7.96519 7.09677 6.29996 5.57479 4.91924 4.32990 3.80258 3.33263 2.91526 2.37745 1.80161 1.35774 1.01824 0.76033 0.56558 0.41929 0.30991 0.22846 0.16803
44.52850 40.88170 37.22450 33.65040 30.22970 27.01060 24.02290 21.28100 18.78790 16.53820 14.52090 12.72130 11.12280 9.70823 7.89337 5.96161 4.48150 3.35508 2.50273 1.86095 1.37983 1.02055 0.75317 0.55478
13.75400 12.80570 11.83870 10.87660 9.93842 9.03827 8.18592 7.38746 6.64606 5.96261 5.33635 4.76536 4.24696 3.77801 3.15988 2.47682 1.93076 1.49764 1.15645 0.88933 0.68134 0.52021 0.39592 0.30044
34.28310 31.82480 29.34250 26.89560 24.52910 22.27480 20.15330 18.17600 16.34730 14.66670 13.13000 11.73080 10.46120 9.31270 7.79774 6.12033 4.77528 3.70488 2.85908 2.19520 1.67741 1.27591 0.96631 0.72878
26.36840 24.26510 22.15850 20.10100 18.13130 16.27580 14.55050 12.96320 11.51520 10.20360 9.02210 7.96278 7.01655 6.17396 5.08390 3.90857 2.99317 2.28405 1.73730 1.31749 0.99639 0.75165 0.56573 0.42491
29.59420 26.94350 24.34110 21.84810 19.50530 17.33610 15.35070 13.54970 11.92730 10.47380 9.17726 8.02473 7.00325 6.10028 4.94227 3.70936 2.76461 2.04663 1.50536 1.10045 0.79976 0.57799 0.41547 0.29708
17.73970 16.14180 14.56490 13.04730 11.61570 10.28680 9.06882 7.96432 6.97126 6.08467 5.29773 4.60262 3.99113 3.45505 2.77511 2.06268 1.52646 1.12543 0.82709 0.60614 0.44312 0.32325 0.23537 0.17110
45.58950 42.20290 38.74300 35.30240 31.95580 28.75950 25.75290 22.96000 20.39290 18.05390 15.93830 14.03630 12.33520 10.82030 8.86304 6.76121 5.13549 3.88682 2.93301 2.20769 1.65816 1.24312 0.93050 0.69556
24.18720 21.50500 18.93000 16.52330 14.32130 12.34040 10.58230 9.03880 7.69528 6.53387 5.53541 4.68080 3.95186 3.33189 2.57372 1.81765 1.27913 0.89730 0.62761 0.43779 0.30463 0.21150 0.14654 0.10135
27.88990 24.84820 21.91220 19.15440 16.61960 14.33010 12.29120 10.49610 8.93024 7.57455 6.40801 5.40921 4.55752 3.83369 2.94997 2.07157 1.44901 1.01014 0.70212 0.48675 0.33665 0.23236 0.16009 0.11011
73.06360 65.77460 58.63340 51.82380 45.47020 39.64600 34.38340 29.68420 25.52850 21.88260 18.70500 15.95040 13.57340 11.52980 9.00046 6.43993 4.58813 3.25712 2.30519 1.62717 1.14594 0.80542 0.56509 0.39588
11.39140 10.19350 9.03430 7.94197 6.93400 6.01925 5.20005 4.47417 3.83640 3.27985 2.79684 2.37954 2.02036 1.71218 1.33146 0.94693 0.66964 0.47112 0.32991 0.23007 0.15986 0.11071 0.07645 0.05266
25.89490 24.13650 22.33730 20.54190 18.78610 17.09690 15.49340 13.98770 12.58650 11.29210 10.10370 9.01822 8.03122 7.13723 5.95747 4.65269 3.60991 2.78412 2.13550 1.62974 1.23798 0.93633 0.70530 0.52922
62.45760 56.76370 51.14430 45.73950 40.64680 35.92680 31.61060 27.70650 24.20660 21.09170 18.33600 15.91010 13.78300 11.92420 9.57495 7.12377 5.28516 3.91234 2.89079 2.13265 1.57123 1.15625 0.84999 0.62428
22.10690 20.38310 18.63510 16.90870 15.24010 13.65550 12.17270 10.80190 9.54727 8.40877 7.38299 6.46435 5.64591 4.92000 3.98723 2.99406 2.23466 1.65920 1.22641 0.90299 0.66262 0.48481 0.35382 0.25765
22.56620 20.64010 18.74540 16.92570 15.21000 13.61510 12.14830 10.81010 9.59655 8.50105 7.51545 6.63107 5.83924 5.13165 4.21128 3.21097 2.42567 1.81451 1.34324 0.98333 0.71116 0.50737 0.35633 0.24556
31.47940 28.26810 25.13190 22.15100 19.37910 16.84680 14.56650 12.53740 10.74920 9.18584 7.82797 6.65497 5.64621 4.78192 3.71663 2.64436 1.87383 1.32340 0.93203 0.65482 0.45911 0.32130 0.22451 0.15666
81.24090 73.59810 66.03190 58.74280 51.87410 45.51770 39.72220 34.50260 29.84930 25.73570 22.12470 18.97320 16.23600 13.86830 10.91640 7.89878 5.69220 4.08866 2.92889 2.09327 1.49309 1.06315 0.75587 0.53669
116.41200 104.58900 93.11830 82.27510 72.23370 63.08530 54.85850 47.53730 41.07620 35.41200 30.47290 26.18410 22.47240 19.26860 15.27710 11.18810 8.17918 5.97069 4.35271 3.16912 2.30449 1.67373 1.21418 0.87984
46.14810 43.11030 40.02330 36.96040 33.97810 31.11760 28.40680 25.86230 23.49190 21.29690 19.27400 17.41660 15.71620 14.16310 12.08780 9.74367 7.81514 6.23647 4.95068 3.90891 3.06936 2.39646 1.86006 1.43479
14.63820 13.18190 11.74230 10.35950 9.06247 7.86941 6.78963 5.82544 4.97408 4.22937 3.58306 3.02585 2.54816 2.14059 1.64152 1.14489 0.79373 0.54756 0.37619 0.25756 0.17583 0.11975 0.08138 0.05521
33.29130 29.73370 26.29380 23.05590 20.07250 17.37030 14.95640 12.82390 10.95710 9.33486 7.93350 6.72883 5.69732 4.81693 3.73618 2.65334 1.87828 1.32608 0.93410 0.65667 0.46082 0.32287 0.22590 0.15785
24.99570 22.21250 19.56290 17.10430 14.86730 12.86260 11.08650 9.52675 8.16598 6.98476 5.96328 5.08256 4.32500 3.67470 2.86978 2.05319 1.46044 1.03301 0.72682 0.50889 0.35473 0.24628 0.17039 0.11751
37.67650 34.85330 32.03870 29.29700 26.67370 24.19880 21.88920 19.75260 17.78920 15.99490 14.36180 12.88060 11.54080 10.33140 8.73848 6.97409 5.55350 4.41355 3.50139 2.77330 2.19346 1.73263 1.36706 1.07756
30.39680 27.90490 25.40560 22.96250 20.62340 18.42100 16.37570 14.49750 12.78860 11.24560 9.86115 8.62568 7.52810 6.55681 5.31132 3.98763 2.97647 2.21033 1.63391 1.20289 0.88235 0.64511 0.47029 0.34194
57.78440 53.06340 48.37370 43.82850 39.50770 35.46290 31.72240 28.29650 25.18270 22.36940 19.83940 17.57240 15.54670 13.74050 11.39690 8.85456 6.85591 5.29031 4.06835 3.11816 2.38214 1.81424 1.37772 1.04343
58.28670 52.87260 47.57670 42.52500 37.80040 33.44980 29.49280 25.92840 22.74220 19.91090 17.40660 15.19930 13.25890 11.55670 9.39143 7.10567 5.36276 4.03708 3.03121 2.27000 1.69555 1.26331 0.93904 0.69648
70.37570 65.00220 59.66460 54.48470 49.54760 44.90710 40.59210 36.61310 32.96730 29.64310 26.62320 23.88720 21.41350 19.18030 16.23590 12.96570 10.32080 8.18757 6.47186 5.09641 3.99761 3.12305 2.42963 1.88196
20.82140 18.76740 16.75800 14.84350 13.05750 11.41940 9.93744 8.61142 7.43559 6.40054 5.49487 4.70632 4.02255 3.43172 2.69564 1.94360 1.39405 0.99526 0.70763 0.50128 0.35394 0.24919 0.17499 0.12261
51.89860 47.39460 42.91870 38.58340 34.46930 30.62940 27.09320 23.87220 20.96470 18.35930 16.03880 13.98240 12.16760 10.57140 8.53890 6.39682 4.77302 3.54929 2.63147 1.94587 1.43555 1.05687 0.77665 0.56981
50.34030 46.24120 42.18720 38.27220 34.56020 31.09090 27.88450 24.94680 22.27340 19.85320 17.67100 15.70960 13.95070 12.37650 10.32390 8.08114 6.30316 4.89875 3.79347 2.92690 2.25011 1.72362 1.31564 1.00070
67.43780 60.91680 54.55640 48.50900 42.87380 37.70570 33.02620 28.83200 25.10320 21.80990 18.91620 16.38400 14.17540 12.25380 9.83604 7.32433 5.44537 4.04306 2.99822 2.22074 1.64292 1.21403 0.89608 0.66067
14.18130 12.71310 11.28440 9.93090 8.67613 7.53287 6.50574 5.59340 4.79054 4.08937 3.48083 2.95544 2.50381 2.11700 1.64051 1.16147 0.81802 0.57356 0.40059 0.27885 0.19355 0.13401 0.09258 0.06385
11.15430 10.04300 8.95392 7.91499 6.94523 6.05581 5.25166 4.53304 3.89698 3.33842 2.85113 2.42833 2.06321 1.74914 1.36032 0.96701 0.68328 0.48030 0.33609 0.23426 0.16272 0.11270 0.07786 0.05367
48.81990 44.69140 40.60460 36.65690 32.91660 29.42640 26.20940 23.27290 20.61370 18.22070 16.07820 14.16780 12.47000 10.96500 9.02755 6.95035 5.33997 4.09549 3.13610 2.39796 1.83104 1.39635 1.06355 0.80914
27.64180 24.85060 22.17800 19.68100 17.39080 15.31910 13.46410 11.81540 10.35760 9.07280 7.94290 6.95032 6.07883 5.31376 4.33769 3.30026 2.50150 1.88800 1.41856 1.06104 0.79018 0.58607 0.43306 0.31891
23.08990 20.79230 18.57560 16.48980 14.56420 12.81270 11.23750 9.83303 8.58880 7.49180 6.52794 5.68313 4.94393 4.29791 3.47927 2.61862 1.96496 1.46972 1.09561 0.81398 0.60276 0.44498 0.32754 0.24047
9.94340 8.83643 7.77053 6.77193 5.85664 5.03234 4.30044 3.65800 3.09932 2.61716 2.20361 1.85072 1.55089 1.29705 0.98873 0.68477 0.47169 0.32339 0.22079 0.15019 0.10183 0.06885 0.04644 0.03125
33.35580 30.38830 27.45420 24.62590 21.95400 19.47030 17.19160 15.12290 13.26110 11.59700 10.11830 8.81059 7.65851 6.64690 5.36098 4.00873 2.98598 2.21682 1.64109 1.21186 0.89295 0.65671 0.48218 0.35353
37.28830 34.38140 31.49460 28.69430 26.02700 23.52210 21.19550 19.05310 17.09360 15.31080 13.69530 12.23590 10.92080 9.73796 8.18639 6.47687 5.10833 4.01648 3.14824 2.46010 1.91656 1.48868 1.15298 0.89045
56.06730 51.83460 47.56190 43.35600 39.29870 35.44850 31.84350 28.50490 25.44090 22.64960 20.12210 17.84480 15.80140 13.97380 11.59740 9.01672 6.98966 5.40482 4.17018 3.21119 2.46825 1.89403 1.45117 1.11029
9.68476 8.91060 8.13628 7.38051 6.65687 5.97448 5.33873 4.75219 4.21531 3.72710 3.28558 2.88820 2.53207 2.21414 1.80216 1.35841 1.01504 0.75236 0.55351 0.40442 0.29359 0.21186 0.15201 0.10847
21.03970 18.85000 16.72460 14.71620 12.85820 11.16840 9.65250 8.30738 7.12431 6.09117 5.19416 4.41903 3.75183 3.17944 2.47251 1.75877 1.24428 0.87600 0.61403 0.42871 0.29829 0.20690 0.14313 0.09878
33.17420 30.17720 27.22640 24.39360 21.72770 19.25860 17.00070 14.95690 13.12220 11.48610 10.03480 8.75286 7.62446 6.63392 5.37424 4.04695 3.03888 2.27619 1.70098 1.26837 0.94385 0.70101 0.51972 0.38467
16.85160 15.60500 14.32810 13.05510 11.81380 10.62570 9.50566 8.46316 7.50314 6.62699 5.83344 5.11936 4.48039 3.91140 3.17708 2.39118 1.78742 1.32829 0.98213 0.72303 0.53029 0.38767 0.28262 0.20553
22.43030 20.12490 17.91500 15.84850 13.95230 12.23720 10.70240 9.33999 8.13764 7.08093 6.15488 5.34493 4.63745 4.02007 3.23904 2.42001 1.80030 1.33320 0.98275 0.72118 0.52698 0.38356 0.27817 0.20109
26.93940 24.77840 22.61260 20.49630 18.46970 16.56070 14.78610 13.15420 11.66690 10.32100 9.11046 8.02683 7.06069 6.20214 5.09450 3.90510 2.98316 2.27224 1.72633 1.30862 0.98998 0.74758 0.56364 0.42437
35.98600 33.11360 30.25060 27.46610 24.80950 22.31340 19.99620 17.86590 15.92220 14.15960 12.56870 11.13840 9.85634 8.71005 7.21854 5.59596 4.31830 3.31757 2.53775 1.93309 1.46652 1.10821 0.83428 0.62575
43.69650 39.48520 35.38130 31.48250 27.85170 24.52330 21.50990 18.80860 16.40560 14.28100 12.41130 10.77210 9.33888 8.08852 6.50936 4.85956 3.61743 2.68517 1.98757 1.46715 1.08010 0.79314 0.58103 0.42471
26.40930 23.36600 20.46380 17.76960 15.32090 13.13230 11.20160 9.51614 8.05671 6.80123 5.72679 4.81118 4.03363 3.37531 2.57511 1.78486 1.22962 0.84240 0.57419 0.38959 0.26326 0.17726 0.11897 0.07963
60.89110 56.20690 51.55100 47.03130 42.72330 38.67490 34.91210 31.44420 28.26870 25.37500 22.74760 20.36840 18.21810 16.27750 13.71960 10.88040 8.58704 6.74142 5.26255 4.08339 3.14828 2.41093 1.83295 1.38264
54.26630 49.74200 45.24660 40.88960 36.74910 32.87550 29.29700 26.02400 23.05460 20.37790 17.97740 15.83340 13.92490 12.23060 10.04580 7.69884 5.87737 4.47059 3.38887 2.56057 1.92885 1.44888 1.08550 0.81132
40.22470 37.73310 35.19210 32.66040 30.18380 27.79630 25.52120 23.37330 21.36040 19.48530 17.74660 16.14050 14.66130 13.30230 11.47310 9.38593 7.64834 6.20834 5.02007 4.04366 3.24472 2.59375 2.06552 1.63864
31.79340 28.44840 25.22570 22.20040 19.41720 16.89720 14.64360 12.64790 10.89390 9.36150 8.02884 6.87411 5.87644 5.01648 3.94690 2.85439 2.05455 1.47216 1.05035 0.74640 0.52845 0.37289 0.26232 0.18404
24.15350 22.26470 20.38000 18.54350 16.78710 15.13200 13.59070 12.16860 10.86660 9.68184 8.60912 7.64185 6.77266 5.99388 4.97846 3.87164 2.99891 2.31475 1.78110 1.36667 1.04610 0.79899 0.60909 0.46355
27.68200 26.07240 24.39840 22.70030 21.01260 19.36290 17.77220 16.25560 14.82320 13.48060 12.23020 11.07210 10.00430 9.02344 7.70640 6.21321 4.98402 3.98008 3.16561 2.50874 1.98171 1.56082 1.22605 0.96077
30.86090 28.72280 26.57190 24.45750 22.41590 20.47180 18.64050 16.93010 15.34300 13.87810 12.53120 11.29690 10.16880 9.13983 7.76738 6.22154 4.95514 3.92412 3.08997 2.41928 1.88335 1.45766 1.12149 0.85753
23.02720 20.74910 18.52750 16.41710 14.45350 12.65630 11.03300 9.58213 8.29624 7.16416 6.17280 5.30839 4.55726 3.90643 3.09215 2.25411 1.63556 1.18163 0.85026 0.60955 0.43552 0.31022 0.22036 0.15616
13.47380 12.66790 11.83360 10.99090 10.15660 9.34398 8.56280 7.82001 7.12000 6.46515 5.85631 5.29315 4.77452 4.29869 3.66059 2.93851 2.34557 1.86274 1.47244 1.15901 0.90877 0.71004 0.55294 0.42929
21.18610 18.95070 16.78040 14.72970 12.83370 11.11120 9.56830 8.20217 7.00384 5.96075 5.05849 4.28212 3.61695 3.04917 2.35253 1.65600 1.15970 0.80854 0.56153 0.38867 0.26823 0.18464 0.12682 0.08693
12.90580 11.80610 10.72380 9.68357 8.70186 7.78816 6.94683 6.17845 5.48111 4.85133 4.28477 3.77668 3.32228 2.91687 2.39091 1.82179 1.37752 1.03369 0.76987 0.56913 0.41762 0.30417 0.21984 0.15762
28.62710 25.52230 22.52850 19.71860 17.13670 14.80420 12.72550 10.89270 9.29070 7.90013 6.69983 5.66852 4.78576 4.03261 3.10871 2.18481 1.52635 1.06057 0.73331 0.50480 0.34613 0.23651 0.16111 0.10946
25.34800 23.43450 21.52690 19.66850 17.89020 16.21190 14.64510 13.19470 11.86120 10.64150 9.53083 8.52280 7.61057 6.78703 5.70264 4.50343 3.54147 2.77421 2.16540 1.68462 1.30663 1.01064 0.77971 0.60014
39.66830 36.92050 34.14940 31.41940 28.77860 26.26100 23.88820 21.67240 19.61830 17.72540 15.98920 14.40270 12.95760 11.64460 9.90185 7.95220 6.36606 5.08145 4.04511 3.21204 2.54457 2.01142 1.58678 1.24945
35.22650 31.90950 28.64990 25.52930 22.60310 19.90470 17.44980 15.24050 13.26980 11.52420 9.98699 8.63942 7.46245 6.43755 5.14739 3.80772 2.80775 2.06451 1.51402 1.10760 0.80842 0.58880 0.42800 0.31056
25.51660 22.78230 20.19090 17.79390 15.61610 13.66350 11.92910 10.39840 9.05334 7.87447 6.84287 5.94089 5.15262 4.46400 3.59135 2.67416 1.97919 1.45566 1.06402 0.77319 0.55881 0.40188 0.28774 0.20522
9.73827 8.96755 8.20436 7.46536 6.76192 6.10105 5.48649 4.91957 4.39990 3.92602 3.49575 3.10649 2.75545 2.43979 2.02647 1.57363 1.21504 0.93331 0.71355 0.54324 0.41202 0.31144 0.23470 0.17639
43.52310 39.37790 35.31280 31.42890 27.79380 24.44710 21.40630 18.67230 16.23480 14.07630 12.17530 10.50850 9.05233 7.78419 6.18830 4.53374 3.30361 2.39540 1.72909 1.24309 0.89046 0.63582 0.45272 0.32155
84.67970 77.08410 69.58840 62.37630 55.57520 49.26390 43.48300 38.24320 33.53450 29.33250 25.60400 22.31100 19.41370 16.87250 13.64550 10.25440 7.68835 5.75428 4.30069 3.21053 2.39428 1.78398 1.32819 0.98815
29.84600 27.43330 25.02100 22.66910 20.42130 18.30700 16.34360 14.53880 12.89350 11.40360 10.06150 8.85811 7.78297 6.82550 5.58702 4.25328 3.21787 2.42038 1.81061 1.34756 0.99818 0.73610 0.54059 0.39546
83.77890 78.16090 72.45160 66.78660 61.27130 55.98310 50.97500 46.27930 41.91240 37.87810 34.17120 30.78020 27.68920 24.88010 21.15220 16.98500 13.59900 10.86000 8.65232 6.87853 5.45737 4.32170 3.41635 2.69626
8.92881 8.17627 7.43579 6.72401 6.05186 5.42566 4.84824 4.31993 3.83943 3.40440 3.01198 2.65906 2.34250 2.05925 1.69049 1.28962 0.97525 0.73103 0.54310 0.39984 0.29161 0.21058 0.15043 0.10617
16.81360 15.62220 14.42890 13.26050 12.13630 11.06900 10.06620 9.13178 8.26645 7.46910 6.73726 6.06768 5.45666 4.90033 4.15985 3.32842 2.64982 2.09933 1.65543 1.29953 1.01574 0.79064 0.61295 0.47333
25.48090 23.70520 21.91620 20.15540 18.45370 16.83260 15.30570 13.88030 12.55900 11.34100 10.22320 9.20085 8.26856 7.42039 6.29270 5.02839 3.99797 3.16307 2.49044 1.95158 1.52225 1.18199 0.91371 0.70320
27.89360 25.51930 23.18020 20.93080 18.80820 16.83480 15.02120 13.36960 11.87620 10.53310 9.33024 8.25642 7.30002 6.44969 5.34965 4.16001 3.22678 2.49623 1.92562 1.48105 1.13568 0.86820 0.66172 0.50285
83.19860 77.15540 71.08570 65.13260 59.40170 53.96580 48.87000 44.13790 39.77660 35.78110 32.13830 28.82980 25.83380 23.12750 19.56040 15.60610 12.41960 9.86022 7.81039 6.17292 4.86818 3.83117 3.00897 2.35866
22.67100 20.36920 18.15460 16.07640 14.16300 12.42690 10.86880 9.48178 8.25456 7.17347 6.22416 5.39256 4.66543 4.03064 3.22799 2.38847 1.75685 1.28474 0.93426 0.67586 0.48661 0.34886 0.24915 0.17735
23.41770 21.15990 18.92790 16.78220 14.76540 12.90440 11.21310 9.69508 8.34657 7.15882 6.12007 5.21702 4.43589 3.76310 2.92912 2.08429 1.47409 1.03705 0.72626 0.50659 0.35215 0.24405 0.16870 0.11635
19.32600 17.85450 16.35820 14.87680 13.44160 12.07580 10.79450 9.60673 8.51634 7.52337 6.62517 5.81731 5.09425 4.44987 3.61692 2.72289 2.03363 1.50790 1.11073 0.81327 0.59223 0.42913 0.30952 0.22232
62.08160 57.04240 52.04570 47.20880 42.61350 38.31120 34.32970 30.67820 27.35320 24.34220 21.62760 19.18850 17.00300 15.04880 12.50500 9.73426 7.54745 5.82924 4.48505 3.43795 2.62572 1.99829 1.51553 1.14552
11.38500 10.23300 9.10343 8.02629 7.02195 6.10251 5.27331 4.53463 3.88320 3.31348 2.81863 2.39125 2.02390 1.70941 1.32233 0.93381 0.65589 0.45856 0.31932 0.22159 0.15331 0.10579 0.07283 0.05005
41.54370 37.18860 32.99680 29.06510 25.45070 22.17990 19.25630 16.66810 14.39380 12.40690 10.67860 9.18023 7.88435 6.76568 5.37056 3.93766 2.87918 2.09936 1.52642 1.10670 0.80019 0.57705 0.41512 0.29796
45.50840 42.02350 38.50400 35.03890 31.69650 28.52570 25.55840 22.81230 20.29400 18.00200 15.92900 14.06370 12.39260 10.90090 8.96682 6.87783 5.25029 3.99109 3.02265 2.28166 1.71727 1.28913 0.96551 0.72166
66.70580 60.04250 53.55240 47.39460 41.67220 36.44190 31.72440 27.51470 23.78990 20.51680 17.65630 15.16740 13.00940 11.14370 8.81556 6.42753 4.67032 3.38312 2.44385 1.76083 1.26574 0.90792 0.65001 0.46457
33.03670 30.23670 27.47600 24.81980 22.31200 19.97940 17.83480 15.88070 14.11280 12.52170 11.09570 9.82150 8.68544 7.67425 6.36429 4.94507 3.82991 2.95620 2.27386 1.74285 1.33121 1.01338 0.76895 0.58171
79.92760 74.06040 68.15140 62.34240 56.73980 51.41830 46.42580 41.78810 37.51470 33.60270 30.04040 26.81070 23.89300 21.26490 17.81560 14.02040 10.99380 8.59272 6.69629 5.20432 4.03473 3.12085 2.40891 1.85578
64.36250 58.26630 52.28700 46.57130 41.21830 36.28650 31.80240 27.76880 24.17170 20.98650 18.18220 15.72470 13.57930 11.71220 9.36379 6.92877 5.11430 3.76764 2.77111 2.03535 1.49314 1.09420 0.80109 0.58600
26.42900 24.00160 21.61890 19.33820 17.19800 15.22100 13.41730 11.78820 10.32830 9.02828 7.87647 6.86006 5.96602 5.18169 4.18494 3.13586 2.34058 1.74062 1.28998 0.95291 0.70176 0.51534 0.37744 0.27577
25.52190 23.45360 21.39550 19.39640 17.49100 15.70220 14.04320 12.51930 11.13070 9.87347 8.74109 7.72560 6.81816 6.00969 4.96294 3.83287 2.95113 2.26650 1.73698 1.32876 1.01490 0.77415 0.58985 0.44901
66.51430 61.87580 57.13550 52.41350 47.80640 43.38730 39.20760 35.29980 31.68090 28.35580 25.32060 22.56470 20.07360 17.83020 14.88890 11.66100 9.09726 7.07307 5.48256 4.23797 3.26764 2.51365 1.92954 1.47830
77.30640 69.95520 62.75420 55.87960 49.44910 43.53130 38.15620 33.32530 29.02020 25.20990 21.85610 18.91710 16.35070 14.11600 11.30280 8.38056 6.19742 4.57250 3.36664 2.47402 1.81480 1.32900 0.97174 0.70950
53.47190 48.46020 43.51390 38.75970 34.28670 30.15060 26.37980 22.98170 19.94870 17.26280 14.89980 12.83210 11.03080 9.46752 7.50961 5.49400 4.00673 2.91509 2.11691 1.53499 1.11170 0.80433 0.58147 0.42007
40.47860 37.31110 34.16820 31.12280 28.22500 25.50630 22.98290 20.66010 18.53500 16.59970 14.84340 13.25350 11.81690 10.52090 8.81405 6.92301 5.40137 4.18410 3.21669 2.45334 1.85551 1.39092 1.03269 0.75865
98.54110 93.02610 87.29890 81.49360 75.72330 70.07870 64.62860 59.42240 54.49280 49.85880 45.52850 41.50200 37.77310 34.33170 29.67930 24.34800 19.89690 16.20270 13.15220 10.64440 8.59105 6.91595 5.55407 4.45030
89.09840 79.86890 70.95590 62.56860 54.83490 47.81720 41.52960 35.95270 31.04530 26.75410 23.02000 19.78320 16.98550 14.57280 11.56880 8.49112 6.22376 4.55616 3.33116 2.43230 1.77354 1.29140 0.93904 0.68191
14.89140 13.67420 12.46490 11.29180 10.17520 9.12774 8.15679 7.26510 6.45236 5.71606 5.05233 4.45652 3.92354 3.44823 2.83230 2.16717 1.64904 1.24842 0.94074 0.70587 0.52758 0.39293 0.29168 0.21587
39.91170 37.37750 34.79000 32.20980 29.68490 27.25100 24.93310 22.74740 20.70280 18.80240 17.04540 15.42810 13.94460 12.58800 10.77360 8.72424 7.03993 5.66298 4.54240 3.63409 2.90049 2.30994 1.83595 1.45655
71.92900 66.95520 61.86390 56.78430 51.82070 47.05300 42.53750 38.31090 34.39280 30.79000 27.49920 24.51020 21.80790 19.37420 16.18420 12.68550 9.90929 7.71919 5.99916 4.65312 3.60284 2.78540 2.15056 1.65846
12.79860 11.45050 10.16020 8.95586 7.85289 6.85735 5.96857 5.18155 4.48885 3.88185 3.35170 2.88979 2.48811 2.13937 1.70139 1.24762 0.90985 0.65996 0.47625 0.34205 0.24459 0.17422 0.12367 0.08752
25.96790 23.51430 21.09690 18.77690 16.59710 14.58360 12.74950 11.09780 9.62408 8.31939 7.17169 6.16744 5.29262 4.53342 3.58285 2.60515 1.88529 1.35887 0.97604 0.69896 0.49922 0.35574 0.25299 0.17960
18.42280 16.52520 14.68230 12.93920 11.32490 9.85440 8.53272 7.35736 6.32106 5.41368 4.62367 3.93909 3.34821 2.83997 2.21042 1.57266 1.11163 0.78114 0.54599 0.37982 0.26310 0.18156 0.12487 0.08563
71.92690 65.23910 58.67930 52.40600 46.52580 41.10120 36.16020 31.70530 27.72160 24.18240 21.05450 18.30170 15.88720 13.77500 11.10030 8.29859 6.18525 4.59748 3.40859 2.52109 1.86047 1.37006 1.00695 0.73874
33.86860 31.68420 29.46150 27.25220 25.09630 23.02330 21.05300 19.19770 17.46390 15.85310 14.36400 12.99270 11.73400 10.58180 9.03899 7.29303 5.85570 4.67985 3.72352 2.95000 2.32761 1.82927 1.43210 1.11692
45.95760 40.92920 36.08000 31.52840 27.34740 23.57290 20.21270 17.25510 14.67600 12.44380 10.52380 8.88049 7.47993 6.29031 4.83897 3.39797 2.37785 1.65933 1.15522 0.80265 0.55671 0.38555 0.26666 0.18421
35.19390 32.15620 29.15640 26.26560 23.53290 20.98840 18.64770 16.51490 14.58660 12.85370 11.30430 9.92435 8.69946 7.61516 6.22207 4.73385 3.58677 2.70740 2.03649 1.52687 1.14133 0.85078 0.63256 0.46920
41.10990 37.14660 33.26410 29.55890 26.09580 22.91270 20.02620 17.43710 15.13510 13.10290 11.31940 9.76131 8.40530 7.22872 5.75430 4.23298 3.10559 2.27339 1.66094 1.21133 0.88198 0.64122 0.46554 0.33757
53.86910 49.21130 44.59280 40.12720 35.89510 31.94850 28.31560 25.00660 22.01870 19.33970 16.95140 14.83230 12.95940 11.30940 9.20280 6.97267 5.27093 3.97772 2.99783 2.25694 1.69768 1.27606 0.95856 0.71967
10.13660 9.33146 8.53653 7.76887 7.03975 6.35594 5.72074 5.13506 4.59815 4.10820 3.66281 3.25922 2.89454 2.56590 2.13431 1.65948 1.28178 0.98391 0.75090 0.57000 0.43053 0.32369 0.24232 0.18067
16.00750 14.44400 12.93830 11.52320 10.21760 9.02941 7.95900 7.00166 6.14978 5.39437 4.72605 4.13568 3.61475 3.15550 2.56729 1.94026 1.45762 1.08840 0.80789 0.59630 0.43783 0.31994 0.23278 0.16870
33.94890 30.82640 27.74450 24.78110 21.99070 19.40720 17.04780 14.91700 13.01010 11.31600 9.82026 8.50598 7.35580 6.35250 5.08732 3.77106 2.78687 2.05430 1.51092 1.10906 0.81261 0.59442 0.43418 0.31671
20.08270 18.46920 16.84790 15.25990 13.73650 12.29910 10.96130 9.72986 8.60658 7.58960 6.67455 5.85548 5.12553 4.47745 3.64297 2.75084 2.06469 1.54133 1.14502 0.84685 0.62382 0.45786 0.33492 0.24424
85.93390 78.69760 71.52170 64.57930 57.99260 51.83960 46.16320 40.97860 36.28140 32.05360 28.26810 24.89320 21.89440 19.23730 15.81880 12.15760 9.32353 7.13715 5.45476 4.16290 3.17273 2.41505 1.83618 1.39456
27.02170 24.32840 21.70670 19.22040 16.91050 14.79910 12.89400 11.19260 9.68551 8.35906 7.19766 6.18499 5.30501 4.54252 3.58865 2.60749 1.88434 1.35490 0.96970 0.69107 0.49062 0.34711 0.24483 0.17222
56.36320 51.18350 46.07970 41.17920 36.56980 32.30540 28.41230 24.89620 21.74810 18.94900 16.47430 14.29640 12.38660 10.71700 8.60510 6.39808 4.73931 3.49876 2.57494 1.88964 1.38310 1.00993 0.73585 0.53512
36.83380 34.44780 31.99080 29.52370 27.09630 24.74730 22.50460 20.38700 18.40570 16.56590 14.86820 13.31010 11.88660 10.59140 8.87299 6.95933 5.41891 4.19141 3.22214 2.46307 1.87304 1.41751 1.06796 0.80123
79.19470 71.05110 63.18190 55.77170 48.93380 42.72380 37.15470 32.21010 27.85420 24.04050 20.71750 17.83280 15.33550 13.17820 10.48610 7.71929 5.67319 4.16280 3.04949 2.23011 1.62804 1.18644 0.86316 0.62695
18.63230 16.87350 15.14080 13.47820 11.91630 10.47370 9.15964 7.97607 6.91982 5.98427 5.16079 4.43969 3.81099 3.26487 2.58027 1.87504 1.35508 0.97456 0.69788 0.49784 0.35393 0.25086 0.17733 0.12506
59.34170 53.27410 47.38720 41.82330 36.67230 31.98150 27.76590 24.01710 20.71160 17.81680 15.29520 13.10830 11.21810 9.58903 7.56360 5.49595 3.98201 2.87776 2.07488 1.49275 1.07177 0.76808 0.54950 0.39251
136.56500 124.27800 112.14800 100.47300 89.46350 79.24870 69.89550 61.42250 53.81340 47.02860 41.01360 35.70640 31.04150 26.95400 21.77020 16.33230 12.22530 9.13544 6.81708 5.08114 3.78341 2.81458 2.09214 1.55401
16.01150 14.96800 13.88840 12.80030 11.72700 10.68690 9.69355 8.75644 7.88125 7.07078 6.32552 5.64434 5.02488 4.46401 3.72459 2.90842 2.25773 1.74359 1.34042 1.02633 0.78303 0.59552 0.45163 0.34164
24.33700 22.44090 20.50360 18.57930 16.71200 14.93480 13.27010 11.73150 10.32530 9.05196 7.90797 6.88702 5.98105 5.18106 4.15930 3.08154 2.26722 1.65814 1.20641 0.87381 0.63043 0.45329 0.32496 0.23236
69.94140 62.84130 55.93310 49.38670 43.31190 37.76900 32.77930 28.33650 24.41560 20.97990 17.98680 15.39150 13.14970 11.21910 8.82247 6.38257 4.60306 3.31093 2.37598 1.70150 1.21620 0.86784 0.61832 0.43994
30.19700 26.93550 23.78310 20.81750 18.08760 15.61790 13.41500 11.47220 9.77472 8.30272 7.03408 5.94618 5.01710 4.22635 3.25922 2.29561 1.61078 1.12666 0.78588 0.54687 0.37976 0.26322 0.18215 0.12587
28.72250 26.31390 23.92970 21.62650 19.44380 17.40610 15.52650 13.80910 12.25150 10.84730 9.58736 8.46105 7.45719 6.56464 5.41111 4.16759 3.19805 2.44550 1.86379 1.41592 1.07243 0.80996 0.61010 0.45843
50.85180 45.49840 40.31310 35.42270 30.90700 26.80760 23.13690 19.88620 17.03340 14.54810 12.39570 10.54080 8.94846 7.58597 5.90820 4.21974 3.00488 2.13464 1.51336 1.07101 0.75678 0.53399 0.37633 0.26491
56.65570 51.24670 45.99320 41.01610 36.39080 32.15630 28.32400 24.88660 21.82420 19.10980 16.71280 14.60200 12.74680 11.11860 9.04510 6.85099 5.17272 3.89254 2.91912 2.18163 1.62505 1.20668 0.89341 0.65972
50.60570 46.18450 41.81330 37.59890 33.61580 29.91080 26.50830 23.41520 20.62670 18.12940 15.90460 13.93110 12.18650 10.64850 8.68213 6.59486 4.99596 3.77585 2.84768 2.14350 1.61058 1.20819 0.90499 0.67699
22.72610 20.44770 18.21950 16.09820 14.12190 12.31260 10.67950 9.22248 7.93482 6.80559 5.82155 4.96850 4.23216 3.59882 2.81423 2.01869 1.44199 1.02636 0.72825 0.51530 0.36372 0.25617 0.18007 0.12636
38.59400 35.91840 33.17930 30.44620 27.77550 25.21020 22.78060 20.50650 18.39820 16.45940 14.68830 13.07930 11.62440 10.31380 8.59582 6.71171 5.21773 4.04103 3.11933 2.40076 1.84285 1.41123 1.07841 0.82252
117.69200 107.17200 96.79120 86.80410 77.38830 68.65340 60.65480 53.40660 46.89350 41.08060 35.92060 31.36010 27.34340 23.81540 19.32550 14.58920 10.98640 8.25534 6.19081 4.63393 3.46250 2.58296 1.92393 1.43107
41.08580 36.77660 32.65240 28.80300 25.27850 22.09840 19.26070 16.74950 14.54100 12.60720 10.91910 9.44880 8.16997 7.05878 5.66047 4.20461 3.11154 2.29338 1.68334 1.23048 0.89590 0.64988 0.46981 0.33858
17.78340 16.48640 15.14940 13.80940 12.49760 11.23810 10.04850 8.94008 7.91916 6.98786 6.14524 5.38811 4.71179 4.11070 3.33684 2.51129 1.87900 1.39917 1.03770 0.76703 0.56536 0.41572 0.30508 0.22351
24.16730 22.46550 20.73640 19.02230 17.35640 15.76300 14.25890 12.85420 11.55390 10.35880 9.26711 8.27475 7.37639 6.56594 5.50088 4.32782 3.39212 2.65011 2.06450 1.60421 1.24369 0.96221 0.74307 0.57287
121.88800 110.26400 98.90140 88.07590 77.96740 68.67840 60.25090 52.68270 45.94160 39.97630 34.72470 30.12040 26.09650 22.58890 18.16510 13.55470 10.09380 7.50317 5.56805 4.12534 3.05167 2.25407 1.66259 1.22471
38.19930 34.98300 31.77390 28.65350 25.68120 22.89660 20.32300 17.97030 15.83890 13.92190 12.20810 10.68340 9.33242 8.13935 6.61214 4.99057 3.75061 2.80811 2.09534 1.55873 1.15635 0.85572 0.63184 0.46560
66.98980 62.10160 57.16200 52.29140 47.58220 43.10060 38.89000 34.97520 31.36660 28.06350 25.05740 22.33440 19.87760 17.66790 14.77410 11.60060 9.07967 7.08719 5.51869 4.28812 3.32553 2.57453 1.99000 1.53601
25.43330 22.65760 19.99200 17.49910 15.21560 13.15790 11.32760 9.71602 8.30849 7.08690 6.03196 5.12455 4.34650 3.68110 2.86171 2.03664 1.44270 1.01752 0.71473 0.50015 0.34880 0.24249 0.16812 0.11627
17.29320 16.09240 14.85200 13.60520 12.38020 11.19910 10.07780 9.02733 8.05379 7.15979 6.34513 5.60759 4.94355 4.34852 3.57437 2.73592 2.08217 1.57700 1.18950 0.89408 0.67002 0.50084 0.37357 0.27813
58.18510 53.92200 49.64040 45.44180 41.40160 37.57170 33.98430 30.65590 27.59130 24.78670 22.23250 19.91510 17.81900 15.92770 13.43820 10.68400 8.46996 6.69651 5.28048 4.15325 3.25859 2.55058 1.99188 1.55222
53.77470 48.88310 44.07090 39.45510 35.11540 31.09980 27.43160 24.11490 21.14080 18.49160 16.14430 14.07330 12.25230 10.65560 8.62739 6.49360 4.87532 3.65222 2.73034 2.03718 1.51717 1.12791 0.83714 0.62037
28.36190 26.10660 23.86130 21.67860 19.59580 17.63750 15.81760 14.14230 12.61170 11.22200 9.96661 8.83715 7.82452 6.91924 5.74206 4.46332 3.45844 2.67266 2.06068 1.58568 1.21807 0.93428 0.71569 0.54763
55.62850 50.74410 45.94550 41.34600 37.02120 33.01530 29.34840 26.02250 23.02720 20.34430 17.95100 15.82240 13.93350 12.26000 10.10420 7.78672 5.98165 4.57961 3.49403 2.65650 2.01285 1.52020 1.14464 0.85945
61.55930 55.59150 49.74980 44.17950 38.97750 34.20000 29.87090 25.99050 22.54250 19.50040 16.83160 14.50100 12.47320 10.71420 8.51080 6.23898 4.55776 3.31943 2.41092 1.74669 1.26259 0.91077 0.65577 0.47139
32.68220 29.17890 25.78720 22.59160 19.64560 16.97680 14.59310 12.48840 10.64750 9.04954 7.67106 6.48796 5.47681 4.61558 3.56138 2.50996 1.76197 1.23277 0.86002 0.59845 0.41551 0.28792 0.19916 0.13756
31.65990 28.88650 26.11800 23.42710 20.86760 18.47580 16.27290 14.26850 12.46260 10.84920 9.41745 8.15437 7.04545 6.07583 4.85092 3.57580 2.62408 1.91861 1.39850 1.01675 0.73757 0.53404 0.38604 0.27868
9.59722 8.55241 7.54758 6.60646 5.74320 4.96427 4.27055 3.65908 3.12453 2.66031 2.25929 1.91438 1.61880 1.36628 1.05597 0.74482 0.52233 0.36440 0.25303 0.17496 0.12053 0.08277 0.05667 0.03871
36.22250 33.36660 30.50960 27.72090 25.05140 22.53550 20.19400 18.03680 16.06560 14.27630 12.66080 11.20860 9.90801 8.74654 7.23838 5.60350 4.32195 3.32254 2.54659 1.94651 1.48411 1.12897 0.85703 0.64938
22.61810 21.35820 20.03590 18.68350 17.32950 15.99720 14.70510 13.46680 12.29180 11.18600 10.15250 9.19230 8.30456 7.48742 6.38789 5.13913 4.11058 3.27120 2.59160 2.04510 1.60823 1.26080 0.98574 0.76884
48.38080 44.89430 41.35060 37.83870 34.42850 31.17170 28.10370 25.24590 22.60850 20.19320 17.99550 16.00620 14.21360 12.60400 10.50160 8.20587 6.39259 4.96797 3.85321 2.98364 2.30704 1.78172 1.37457 1.05951
6.74601 6.19220 5.64514 5.11698 4.61584 4.14654 3.71140 3.31096 2.94462 2.61102 2.30844 2.03497 1.78861 1.56741 1.27859 0.96424 0.71835 0.52865 0.38429 0.27587 0.19547 0.13658 0.09397 0.06351
25.29180 23.46550 21.61830 19.79500 18.02990 16.34770 14.76480 13.29070 11.92960 10.68160 9.54392 8.51169 7.57889 6.73874 5.63676 4.42604 3.46291 2.70106 2.10119 1.63071 1.26294 0.97630 0.75348 0.58067
17.63090 16.43080 15.19760 13.96310 12.75310 11.58740 10.48030 9.44106 8.47475 7.58338 6.76655 6.02218 5.34705 4.73722 3.93539 3.05339 2.35311 1.80231 1.37270 1.04012 0.78439 0.58895 0.44040 0.32806
18.36760 16.65670 14.95530 13.30980 11.75370 10.30930 8.98895 7.79737 6.73336 5.79172 4.96460 4.24268 3.61598 3.07447 2.40086 1.71556 1.21843 0.86097 0.60578 0.42469 0.29681 0.20690 0.14391 0.09990
31.69500 29.17400 26.67010 24.24150 21.92940 19.75990 17.74750 15.89790 14.20990 12.67830 11.29470 10.04920 8.93119 7.92987 6.62367 5.19634 4.06498 3.17136 2.46772 1.91533 1.48292 1.14541 0.88270 0.67876
23.85740 21.88400 19.88320 17.91110 16.01200 14.21810 12.55050 11.02100 9.63366 8.38704 7.27570 6.29160 5.42516 4.66609 3.70601 2.70704 1.96398 1.41670 1.01691 0.72686 0.51766 0.36753 0.26024 0.18385
68.89820 63.60430 58.28070 53.05900 48.03820 43.28740 38.85050 34.75050 30.99470 27.57840 24.48910 21.70850 19.21570 16.98790 14.09300 10.95200 8.48668 6.56056 5.06104 3.89704 2.99578 2.29952 1.76272 1.34961
67.17210 60.65470 54.24230 48.10130 42.34700 37.04980 32.24370 27.93470 24.10920 20.74030 17.79330 15.22960 13.00950 11.09420 8.71349 6.28866 4.52192 3.24190 2.31849 1.65463 1.17871 0.83835 0.59545 0.42241
25.43360 23.28680 21.15700 19.09540 17.13840 15.30880 13.61930 12.07420 10.67230 9.40825 8.27448 7.26187 6.36072 5.56124 4.53193 3.43047 2.58150 1.93206 1.43870 1.06628 0.78682 0.57823 0.42331 0.30877
39.67370 36.54210 33.42860 30.40570 27.52420 24.81650 22.30050 19.98290 17.86250 15.93270 14.18390 12.60440 11.18180 9.90350 8.23023 6.39547 4.93931 3.79169 2.89344 2.19510 1.65572 1.24171 0.92584 0.68622
15.78940 14.52030 13.25870 12.03430 10.86810 9.77362 8.75818 7.82459 6.97237 6.19877 5.49971 4.87028 4.30525 3.79934 3.14012 2.42213 1.85685 1.41501 1.07204 0.80761 0.60506 0.45085 0.33414 0.24630
23.74650 21.46460 19.21650 17.06090 15.03860 13.17470 11.48150 9.96134 8.60971 7.41744 6.37257 5.46179 4.67144 3.98814 3.13651 2.26601 1.62950 1.16712 0.83304 0.59279 0.42070 0.29787 0.21047 0.14845
17.37890 15.66440 13.98820 12.39190 10.90330 9.53817 8.30323 7.19829 6.21849 5.35597 4.60123 3.94404 3.37414 2.88160 2.26779 1.64017 1.18086 0.84681 0.60515 0.43110 0.30627 0.21705 0.15349 0.10833
