0.325     482.9         37.3134
0.375     381.4         27.1118
0.425     304.6         21.4114
0.475     242.8         16.7108
0.525     195.1         9.81275
0.575     158.8         7.61052
0.625     130.6         6.5123
0.675     107.3         5.41479
0.725     88.38         4.48144
0.775     73.82         3.77117
0.825     61.41         3.13166
0.875     51.03         2.58027
0.925     43.31         2.24083
0.975     36.61         1.92044
1.05     28.26         1.54467
1.15     20.21         1.07466
1.25     14.82         0.892749
1.35     10.79         0.652763
1.45     7.771         0.476853
1.55     5.662         0.351847
1.65     4.155         0.262954
1.75     3.099         0.199331
1.85     2.296         0.151199
1.95     1.739         0.117712
