587.43700 463.63100 368.16600 294.22200 236.59200 191.37400 155.65300 127.25200 104.53200 86.25010 71.45890 59.42940 49.59760 41.52420 31.97890 22.76400 16.32810 11.77900 8.53272 6.19933 4.51309 3.28987 2.40020 1.75200
545.90300 438.25800 353.68100 287.04600 234.28800 192.27100 158.60300 131.46300 109.45500 91.50940 76.79700 64.67340 54.63450 46.28380 36.25460 26.36380 19.29050 14.17870 10.45430 7.72475 5.71572 4.23271 3.13588 2.32368
316.30800 239.96100 183.11800 140.63300 108.69400 84.52380 66.10870 51.98340 41.07760 32.60450 25.98250 20.77840 16.66790 13.40630 9.71107 6.35635 4.18192 2.76129 1.82791 1.21225 0.80505 0.53519 0.35610 0.23712
430.33600 345.17700 278.33000 225.70800 184.08200 150.96400 124.45500 103.10300 85.80060 71.69710 60.13600 50.60840 42.71760 36.15230 28.26660 20.49250 14.94060 10.93830 8.03218 5.91071 4.35584 3.21286 2.37087 1.74964
353.34500 274.95800 215.17400 169.43500 134.25500 107.02700 85.81190 69.16960 56.02660 45.57900 37.22230 30.49900 25.06110 20.64180 15.48540 10.60740 7.29262 5.02444 3.46570 2.39180 1.65091 1.13945 0.78630 0.54248
235.49400 181.13100 140.09800 109.02000 85.35350 67.21720 53.22810 42.36800 33.88420 27.21680 21.94740 17.76070 14.41800 11.73700 8.65961 5.81331 3.92674 2.66492 1.81514 1.23984 0.84880 0.58219 0.39995 0.27514
438.59900 342.75500 269.25200 212.69900 168.96200 134.93400 108.29800 87.32370 70.71230 57.48430 46.89650 38.38100 31.50170 25.92140 19.42880 13.31320 9.17531 6.35147 4.41158 3.07219 2.14385 1.49850 1.04884 0.73496
705.65700 541.30300 417.56600 324.02100 252.88900 198.45500 156.53500 124.05400 98.74180 78.90820 63.28810 50.92780 41.10360 33.26310 24.32130 16.13020 10.76390 7.21679 4.85611 3.27673 2.21584 1.50103 1.01827 0.69161
256.31500 200.71500 157.97000 125.01600 99.48650 79.59380 63.99960 51.70170 41.94700 34.16660 27.92860 22.90270 18.83520 15.52960 11.67490 8.03228 5.55854 3.86411 2.69573 1.88593 1.32241 0.92903 0.65372 0.46064
303.52100 235.39700 183.54100 143.93000 113.50800 90.00070 71.72330 57.42590 46.17730 37.27910 30.20430 24.55260 20.01780 16.36440 12.14970 8.22621 5.60689 3.84209 2.64419 1.82621 1.26498 0.87838 0.61122 0.42610
541.75900 413.83500 317.84000 245.51200 190.70100 148.90700 116.84100 92.09220 72.88480 57.90070 46.15470 36.90600 29.59340 23.78970 17.21820 11.26250 7.41146 4.90045 3.25233 2.16495 1.44460 0.96585 0.64684 0.43382
346.08700 275.40200 220.22100 177.06800 143.17500 116.41000 95.14730 78.15200 64.48550 53.43110 44.43940 37.08680 31.04470 26.05710 20.12480 14.35670 10.30370 7.42910 5.37557 3.90055 2.83661 2.06668 1.50808 1.10194
167.84900 126.25000 95.51520 72.71220 55.69440 42.91160 33.24650 25.89130 20.25860 15.91930 12.55730 9.93892 7.88979 6.27918 4.47611 2.86712 1.84553 1.19204 0.77182 0.50060 0.32510 0.21134 0.13750 0.08952
373.04100 291.46100 228.97600 180.92400 143.75800 114.83000 92.17170 74.31730 60.16870 48.89790 39.87570 32.62090 26.76300 22.01470 16.49640 11.30760 7.80323 5.41439 3.77354 2.63944 1.85165 1.30217 0.91764 0.64780
406.81200 331.05500 270.71600 222.56700 183.98000 152.89200 127.70100 107.16900 90.33780 76.46230 64.96090 55.37730 47.35150 40.59830 32.37100 24.09020 18.02560 13.53690 10.18850 7.67684 5.78585 4.35893 3.28092 2.46618
298.46100 239.51900 193.27700 156.88900 128.11100 105.21600 86.88510 72.11510 60.13770 50.36390 42.33950 35.71290 30.21070 25.61890 20.07990 14.58290 10.62610 7.75294 5.65490 4.11796 2.99056 2.16364 1.55782 1.11489
1065.45000 861.76600 700.58100 572.66300 470.64600 388.81800 322.78800 269.19400 225.44600 189.54500 159.93300 135.39400 114.96600 97.88970 77.26880 56.79020 42.03540 31.29210 23.40100 17.56380 13.22100 9.97524 7.54042 5.70859
797.67900 628.33600 497.62200 396.40000 317.60600 255.89700 207.26600 168.70400 137.94200 113.26000 93.34860 77.20200 64.04500 53.27560 40.59900 28.45110 20.05680 14.20130 10.08740 7.18196 5.12205 3.65754 2.61424 1.86989
550.69600 430.01900 337.68700 266.71500 211.82600 169.09900 135.62700 109.24700 88.34090 71.68810 58.36170 47.65210 39.01200 32.01660 23.90180 16.29610 11.18250 7.71439 5.34514 3.71679 2.59209 1.81209 1.26935 0.89066
255.66600 197.92700 154.09600 120.67700 95.04610 75.26190 59.89360 47.88310 38.44330 30.98470 25.06220 20.33790 16.55330 13.50940 10.00510 6.75257 4.58825 3.13442 2.15035 1.48020 1.02161 0.70660 0.48957 0.33969
203.33800 154.56600 118.12300 90.78220 70.15350 54.49330 42.53230 33.34350 26.24570 20.73500 16.43620 13.06820 10.41870 8.32672 5.97328 3.86018 2.50912 1.63836 1.07362 0.70554 0.46471 0.30666 0.20268 0.13414
700.52400 573.84300 472.04800 390.17400 324.10100 270.53200 226.87300 191.09500 161.61600 137.19400 116.85700 99.83640 85.52570 73.44090 58.66250 43.72850 32.75940 24.63000 18.56440 14.01600 10.59300 8.01032 6.05820 4.58093
539.63600 433.95700 350.39300 284.24400 231.69700 189.76000 156.11600 128.97900 106.97300 89.03580 74.34160 62.24810 52.25250 43.95840 34.03860 24.33320 17.47710 12.59730 9.10432 6.59332 4.78241 3.47315 2.52475 1.83671
898.17900 742.70300 616.66100 514.38400 431.11100 363.00300 307.01700 260.75700 222.33500 190.26200 163.35800 140.68400 121.49200 105.17700 85.06630 64.51140 49.20570 37.69550 28.97160 22.31940 17.22330 13.30580 10.28660 7.95528
337.58100 268.28700 214.26800 172.07900 138.98600 112.88500 92.16960 75.62440 62.32450 51.56620 42.81190 35.64880 29.75820 24.89220 19.10180 13.47470 9.53224 6.75286 4.78591 3.39096 2.40071 1.69765 1.19866 0.84478
617.21800 483.94000 381.57200 302.60400 241.32600 193.47000 155.85900 126.12000 102.47400 83.57220 68.39090 56.14300 46.22100 38.15260 28.73950 19.84090 13.79330 9.64450 6.77563 4.77878 3.38130 2.39891 1.70574 1.21517
607.16700 482.84100 386.22600 310.86600 251.74900 205.07500 167.97900 138.30500 114.42200 95.08680 79.34580 66.46310 55.86640 47.10820 36.66900 26.47440 19.25690 14.08500 10.34350 7.61717 5.61999 4.15152 3.06906 2.26982
211.45500 161.14200 123.47300 95.15900 73.75760 57.48060 45.02360 35.43240 28.00510 22.22210 17.69650 14.13810 11.32800 9.09992 6.57951 4.29780 2.82407 1.86424 1.23504 0.82052 0.54636 0.36449 0.24355 0.16295
443.70400 351.27000 279.59900 223.85300 180.26800 145.98500 118.85000 97.24000 79.92530 65.97160 54.66420 45.45300 37.91230 31.71070 24.36730 17.26930 12.31340 8.81912 6.33694 4.56399 3.29255 2.37811 1.71907 1.24341
297.54500 226.67600 173.65500 133.84000 103.77700 80.93170 63.45920 50.01020 39.59450 31.48080 25.12540 20.12170 16.16370 13.01910 9.45212 6.20874 4.10235 2.72267 1.81316 1.21067 0.81009 0.54299 0.36449 0.24497
339.02000 261.44200 202.87100 158.45400 124.56500 98.53240 78.39850 62.72160 50.43500 40.74430 33.05450 26.91690 21.99160 18.01930 13.42500 9.12639 6.23665 4.27633 2.93826 2.02126 1.39128 0.95789 0.65952 0.45406
423.69800 335.41000 267.03300 213.89100 172.36100 139.70200 113.85000 93.25560 76.75010 63.44460 52.66010 43.87360 36.68000 30.76320 23.75460 16.97250 12.22380 8.85913 6.45172 4.71586 3.45666 2.53901 1.86794 1.37591
612.97200 486.48200 388.18000 311.53800 251.47300 204.11400 166.54100 136.54800 112.46300 93.01350 77.22140 64.33340 53.76480 45.05920 34.73120 24.72240 17.71200 12.75190 9.21456 6.67672 4.84773 3.52515 2.56636 1.87000
399.87400 315.16400 249.70900 198.98400 159.47900 128.53000 104.13500 84.78370 69.33980 56.94030 46.92830 38.80080 32.17040 26.73710 20.33350 14.19020 9.94503 6.98891 4.91948 3.46574 2.44228 1.72086 1.21202 0.85307
232.50000 187.83300 152.51200 124.51800 102.23400 84.39630 70.03280 58.39550 48.90890 41.12870 34.71100 29.38780 24.94980 21.23230 16.72910 12.23700 8.98630 6.61387 4.87231 3.58903 2.64136 1.94080 1.42284 1.04010
247.90400 200.58300 163.14500 133.44300 109.76600 90.78460 75.47560 63.05340 52.91280 44.58650 37.71120 32.00370 27.24170 23.24990 18.41020 13.57400 10.06410 7.49138 5.59146 4.18064 3.12884 2.34254 1.75361 1.31202
348.00400 273.54100 216.05500 171.55700 136.94500 109.87100 88.56860 71.71080 58.29680 47.56750 38.94370 31.98060 26.33470 21.73920 16.37130 11.28900 7.83077 5.45766 3.81814 2.67937 1.88503 1.32904 0.93878 0.66421
447.67600 352.31700 278.62100 221.54800 177.15200 142.42500 115.09500 93.45460 76.21330 62.39560 51.25970 42.23860 34.89620 28.89480 21.84720 15.12500 10.51510 7.33180 5.12273 3.58451 2.51085 1.76020 1.23472 0.86655
193.62500 150.49800 117.59600 92.42970 73.08490 58.12560 46.48300 37.36230 30.17130 24.46650 19.91460 16.26280 13.31880 10.93480 8.16654 5.56598 3.81273 2.62153 1.80761 1.24916 0.86478 0.59959 0.41627 0.28934
700.63600 555.24700 442.49400 354.72200 286.01200 231.88300 188.96900 154.73500 127.26500 105.09900 87.12130 72.46790 60.46940 50.60220 38.92230 27.64020 19.76720 14.21480 10.26550 7.43759 5.40202 3.93096 2.86464 2.08992
845.38100 660.19900 518.51400 409.60500 325.38100 259.82700 208.47800 168.01500 135.95100 110.41000 89.97030 73.54050 60.28100 49.54040 37.07090 25.36570 17.47730 12.11160 8.43323 5.89500 4.13402 2.90682 2.04845 1.44624
452.50800 356.47900 282.32300 224.86000 180.09300 145.00500 117.33100 95.37530 77.85570 63.80090 52.46890 43.28900 35.82000 29.71820 22.55660 15.72610 11.03470 7.78204 5.50997 3.91344 2.78639 1.98786 1.42047 1.01639
644.14900 514.88900 413.70900 334.29300 271.65400 221.96000 182.29700 150.44800 124.72200 103.82200 86.74930 72.73030 61.16180 51.57120 40.10150 28.85960 20.88280 15.16800 11.04480 8.05497 5.87969 4.29354 3.13542 2.28921
734.61900 585.69200 469.50900 378.56000 306.98800 250.32100 205.17500 168.98800 139.81000 116.15100 96.86470 81.06360 68.05640 57.30140 44.48280 31.97870 23.15140 16.85300 12.32050 9.03659 6.64478 4.89560 3.61233 2.66858
965.66800 755.14200 593.87900 469.79000 373.72700 298.87700 240.18200 193.87300 157.13100 127.82700 104.34200 85.43880 70.16020 57.76510 43.34660 29.77270 20.59260 14.32530 10.01250 7.02506 4.94455 3.48918 2.46745 1.74802
476.52800 371.18200 291.00400 229.68100 182.47100 145.87100 117.29500 94.83440 77.06570 62.92280 51.60020 42.48500 35.10780 29.10710 22.09170 15.42150 10.84280 7.66255 5.43382 3.86190 2.74840 1.95739 1.39451 0.99360
899.89500 713.79500 569.05200 456.12600 367.57500 297.73000 242.31200 198.08200 162.58800 133.95300 110.74000 91.83410 76.37160 63.67480 48.68100 34.26070 24.26290 17.26780 12.33780 8.84305 6.35430 4.57549 3.30038 2.38416
274.32300 212.52800 165.57600 129.78000 102.33900 81.16910 64.73210 51.88810 41.78950 33.80280 27.45090 22.37280 18.29300 15.00050 11.19130 7.62833 5.23412 3.60956 2.49892 1.73523 1.20780 0.84230 0.58834 0.41151
284.60700 228.97300 185.12700 150.48000 122.97300 101.01300 83.37780 69.13400 57.56470 48.11740 40.36380 33.96990 28.67370 24.26840 18.98130 13.77680 10.06670 7.39532 5.45621 4.03941 2.99880 2.23130 1.66332 1.24185
790.85100 611.64400 475.78100 372.29200 292.98100 231.80100 184.30700 147.21200 118.07600 95.07110 76.81930 62.27340 50.63250 41.28020 30.52880 20.57020 13.95860 9.52638 6.53123 4.49402 3.10116 2.14491 1.48625 1.03139
349.68000 276.65100 220.18200 176.37100 142.19200 115.35400 94.13940 77.25700 63.73400 52.83270 43.99010 36.77450 30.85260 25.96620 20.14940 14.47460 10.46110 7.59021 5.52027 4.01989 2.92880 2.13392 1.55436 1.13173
223.52000 172.76500 134.22200 104.86100 82.38140 65.06870 51.65390 41.19640 32.99640 26.53070 21.40580 17.32370 14.05790 11.43470 8.41974 5.62989 3.78275 2.55075 1.72457 1.16832 0.79271 0.53852 0.36620 0.24924
629.91800 495.59900 392.22900 312.37500 250.33200 201.81000 163.60700 133.33100 109.18800 89.81930 74.19360 61.51960 51.18720 42.72320 32.74520 23.15190 16.48550 11.79990 8.47753 6.10629 4.40595 3.18272 2.30080 1.66403
176.11000 136.63300 106.60100 83.66770 66.05530 52.44390 41.85720 33.57170 27.04830 21.88310 17.77110 14.48110 11.83630 9.70085 7.22957 4.91783 3.36519 2.31288 1.59476 1.10222 0.76313 0.52906 0.36716 0.25501
202.87900 152.22700 114.86000 87.17660 66.54780 51.07950 39.40810 30.54850 23.78470 18.59290 14.58760 11.48300 9.06593 7.17658 5.07625 3.22053 2.05537 1.31769 0.84766 0.54673 0.35335 0.22875 0.14828 0.09623
219.70100 167.37600 128.29500 98.98860 76.88130 60.09120 47.24980 37.35970 29.69010 23.70310 19.00020 15.28420 12.33240 9.97629 7.28704 4.81988 3.20159 2.13236 1.42257 0.94999 0.63479 0.42435 0.28375 0.18979
356.07100 273.28500 210.75800 163.38900 127.32600 99.71720 78.45750 61.99470 49.17750 39.14790 31.26260 25.03610 20.10000 16.17270 11.71400 7.66147 5.03558 3.32226 2.19843 1.45826 0.96921 0.64526 0.43022 0.28723
556.22200 444.01100 356.05900 287.01400 232.59400 189.47700 155.12000 127.58300 105.38100 87.37720 72.69850 60.66890 50.76320 42.57120 32.80930 23.30150 16.61770 11.88400 8.51402 6.10651 4.38260 3.14638 2.25906 1.62185
592.70100 484.22600 397.35400 327.66500 271.53500 226.09600 189.11300 158.84700 133.94800 113.36100 96.25780 81.98420 70.02140 59.95540 47.70420 35.40950 26.44980 19.85670 14.96640 11.31610 8.57753 6.51467 4.95585 3.77494
409.90000 322.32100 255.00100 203.02000 162.63500 131.04900 106.17800 86.46810 70.75250 58.14920 47.98650 39.74950 33.04030 27.55010 21.08720 14.88720 10.58950 7.57558 5.44223 3.92143 2.83157 2.04758 1.48211 1.07350
687.90400 550.72300 443.28300 358.85400 292.15800 239.15200 196.76400 162.66200 135.06400 112.60700 94.23730 79.13570 66.66290 56.31600 43.93470 31.79050 23.16260 16.96720 12.48030 9.20865 6.81074 5.04618 3.74373 2.78016
298.92200 230.18400 178.24300 138.85500 108.82200 85.78000 67.98650 54.15680 43.33960 34.82730 28.09010 22.72940 18.44310 15.00090 11.04430 7.38100 4.95374 3.33407 2.24807 1.51758 1.02520 0.69286 0.46836 0.31662
780.14300 627.78200 507.90900 413.29400 338.22900 278.31700 230.20400 191.33200 159.74000 133.92100 112.70700 95.18890 80.65320 68.53750 53.95200 39.51900 29.15410 21.62690 16.11080 12.03970 9.01845 6.76696 5.08381 3.82260
411.66200 330.46900 266.79600 216.68300 177.02600 145.44600 120.13800 99.72860 83.17170 69.66300 58.58130 49.44350 41.87130 35.56700 27.98620 20.49260 15.11390 11.20720 8.34278 6.22726 4.65645 3.48561 2.61059 1.95551
347.19900 271.98100 214.40400 170.17200 135.99300 109.40300 88.57050 72.13280 59.07120 48.62060 40.20250 33.37740 27.80970 23.24170 17.84080 12.62190 8.97389 6.39846 4.56852 3.26339 2.33080 1.66397 1.18720 0.84649
319.59200 247.62600 193.14100 151.71300 120.01200 95.58330 76.61960 61.79070 50.11110 40.84670 33.44760 27.49910 22.68740 18.77290 14.19340 9.83558 6.84585 4.77626 3.33572 2.33005 1.62704 1.13550 0.79193 0.55195
736.43600 592.95900 479.85600 390.48100 319.52100 262.86200 217.35000 180.57200 150.68100 126.25300 106.18200 89.60960 75.86010 64.40180 50.61150 36.97370 27.19050 20.09720 14.91080 11.09390 8.27117 6.17597 4.61663 3.45382
204.53600 156.35400 120.27600 93.14420 72.61390 56.97160 44.96950 35.69680 28.48450 22.83860 18.39150 14.86810 12.06110 9.81359 7.23685 4.85509 3.27585 2.21876 1.50649 1.02445 0.69728 0.47485 0.32347 0.22039
215.85400 170.85000 135.98800 108.89900 87.74270 71.11790 57.96910 47.50030 39.10990 32.34130 26.84680 22.35990 18.67570 15.63550 12.01950 8.50328 6.03430 4.28771 3.04661 2.16267 1.53263 1.08371 0.76419 0.53714
493.84000 396.83200 320.46100 260.18900 212.40500 174.31200 143.76700 119.12900 99.14310 82.84010 69.47130 58.45390 49.33170 41.74580 32.64200 23.67930 17.28840 12.68610 9.34568 6.90624 5.11612 3.79750 2.82328 2.10176
508.95400 402.93600 320.80700 256.94600 207.01000 167.71700 136.59900 111.80100 91.92180 75.89580 62.90690 52.32640 43.66660 36.54730 28.12110 19.98100 14.29780 10.28690 7.43183 5.38584 3.91218 2.84667 2.07406 1.51264
348.15600 264.48400 202.06800 155.33100 120.13500 93.45970 73.10940 57.48340 45.40940 36.02390 28.68720 22.92170 18.36910 14.75860 10.67190 6.96805 4.57302 3.01229 1.98957 1.31671 0.87277 0.57923 0.38482 0.25590
465.67900 379.69700 311.06600 256.17000 212.07500 176.47000 147.56100 123.95500 104.57200 88.56980 75.29100 64.21810 54.94190 47.13730 37.63520 28.08810 21.11480 15.96690 12.13320 9.25738 7.08722 5.44148 4.18829 3.23072
365.76100 295.85100 240.44700 196.44900 161.35800 133.22200 110.53300 92.13160 77.12250 64.81370 54.66640 46.25950 39.26190 33.41180 26.34470 19.32190 14.25900 10.57240 7.86697 5.86958 4.38815 3.28558 2.46284 1.84769
518.68100 408.04900 322.72600 256.70400 205.34400 165.14600 133.48800 108.40500 88.41510 72.39680 59.49410 49.05000 40.55730 33.62200 25.48450 17.72510 12.39730 8.70635 6.13224 4.32823 3.05948 2.16497 1.53321 1.08646
399.51500 319.51000 256.90200 207.74100 168.93500 138.11800 113.49400 93.69990 77.69540 64.68420 54.05210 45.32210 38.12150 32.15720 25.03530 18.07290 13.14680 9.62408 7.08223 5.23442 3.88281 2.88906 2.15529 1.61153
309.96400 248.56800 200.41700 162.54400 132.60800 108.80400 89.75620 74.41340 61.97450 51.82530 43.49350 36.61430 30.90410 26.14150 20.40310 14.72280 10.65170 7.71207 5.57964 4.02887 2.90010 2.07879 1.48200 1.04931
569.89500 456.33500 367.35400 297.42500 242.19500 198.32100 163.25200 135.04900 112.22800 93.65530 78.45390 65.94590 55.60260 47.00990 36.70750 26.57450 19.35530 14.16110 10.39560 7.65014 5.63970 4.16277 3.07517 2.27286
266.52100 200.28700 151.52100 115.44500 88.57940 68.42580 53.19380 41.59570 32.70000 25.82900 20.48650 16.30700 13.01910 10.41970 7.48745 4.84186 3.14116 2.04111 1.32712 0.86292 0.56094 0.36450 0.23675 0.15372
333.41000 267.08500 215.11700 174.29500 142.07300 116.48300 96.02070 79.54000 66.16860 55.24160 46.25120 38.80810 32.61190 27.42970 21.16880 14.96090 10.52190 7.34207 5.06790 3.44831 2.30214 1.49771 0.93897 0.55593
322.63100 258.31900 207.75900 167.95700 136.50300 111.51700 91.55540 75.51040 62.53560 51.98180 43.34940 36.25220 30.38990 25.52740 19.71360 14.02840 10.01680 7.16790 5.13575 3.68207 2.64031 1.89296 1.35654 0.97145
398.37600 297.70200 223.73600 169.16900 128.67900 98.44210 75.71560 58.52600 45.44550 35.43450 27.73130 21.77420 17.14640 13.53630 9.53295 6.00877 3.80682 2.42077 1.54358 0.98628 0.63119 0.40447 0.25947 0.16662
834.44800 684.67900 564.36100 467.53000 389.28800 325.74600 273.86100 231.25900 196.09000 166.90400 142.56000 122.15800 104.98200 90.45860 72.66910 54.64340 41.34840 31.44040 23.99490 18.36330 14.08220 10.81500 8.31452 6.39653
229.84500 175.93800 135.49500 105.03500 81.95900 64.35980 50.84330 40.38880 32.24590 25.86050 20.82120 16.82060 13.62750 11.06670 8.12729 5.41042 3.61414 2.41892 1.62057 1.08614 0.72800 0.48790 0.32691 0.21899
248.71500 191.44200 148.19800 115.41000 90.40120 71.20360 56.37150 44.84140 35.82590 28.73790 23.13670 18.68930 15.14230 12.30150 9.04763 6.04824 4.06837 2.74953 1.86482 1.26816 0.86414 0.58976 0.40298 0.27563
144.55400 111.43600 86.40240 67.40890 52.91650 41.78740 33.18450 26.49070 21.24870 17.11810 13.84420 11.23490 9.14469 7.46250 5.52321 3.71902 2.51583 1.70716 1.16074 0.79023 0.53842 0.36704 0.25029 0.17072
636.52500 501.87600 397.92300 317.33600 254.49800 205.18800 166.24700 135.30700 110.58300 90.72190 74.68800 61.68500 51.09560 42.43800 32.26900 22.56200 15.88800 11.25430 8.01076 5.72479 4.10463 2.95103 2.12652 1.53534
355.17400 270.40200 206.92500 159.22600 123.19100 95.80790 74.87300 58.77440 46.32590 36.64940 29.09080 23.16010 18.48740 14.79200 10.62690 6.87771 4.47470 2.92312 1.91562 1.25856 0.82860 0.54649 0.36098 0.23876
493.26000 394.06100 316.46800 255.61400 207.66200 169.65700 139.34800 115.02300 95.37640 79.40870 66.35370 55.61980 46.74840 39.38170 30.55440 21.88450 15.72690 11.32050 8.15186 5.86687 4.21688 3.02509 2.16470 1.54427
409.13300 335.27700 275.97800 228.29900 189.81700 158.60600 133.15500 112.28500 95.07880 80.81570 68.93060 58.97730 50.60230 43.52380 34.85600 26.07610 19.60480 14.78890 11.17920 8.45968 6.40358 4.84561 3.66358 2.76629
355.72400 269.14100 204.83100 156.86000 120.86200 93.67290 73.00050 57.18140 45.00090 35.56640 28.21780 22.46390 17.93690 14.35950 10.32780 6.69545 4.36250 2.85244 1.86963 1.22755 0.80698 0.53100 0.34967 0.23041
723.29300 584.52400 474.74600 387.68900 318.32600 262.74900 217.95300 181.63600 152.02400 127.74700 107.74100 91.17310 77.38790 65.86780 51.95710 38.13820 28.17540 20.91700 15.58480 11.64260 8.71406 6.53087 4.89912 3.67729
274.41800 211.74700 164.26900 128.18100 100.60400 79.40320 63.00070 50.23100 40.22880 32.34850 26.10570 21.13480 17.15800 13.96300 10.28930 6.88651 4.63046 3.12370 2.11212 1.43050 0.97005 0.65843 0.44725 0.30401
667.54800 522.72000 411.73000 326.31300 260.18100 208.64200 168.21000 136.28800 110.93300 90.67950 74.41370 61.28470 50.63680 41.96240 31.81050 22.15640 15.53880 10.95440 7.75216 5.50124 3.91168 2.78539 1.98543 1.41628
784.03500 617.66900 489.31000 389.89300 312.45900 251.76900 203.90200 165.91800 135.59900 111.26800 91.64010 75.73090 62.77760 52.18680 39.74160 27.84730 19.65290 13.94980 9.94747 7.11986 5.11136 3.67850 2.65271 1.91627
539.33900 435.90400 354.10700 289.25300 237.58700 196.19500 162.83400 135.78700 113.73100 95.64690 80.73920 68.38780 58.10520 49.50600 39.11100 28.76610 21.29020 15.82980 11.80840 8.82850 6.61023 4.95366 3.71384 2.78460
222.17300 173.73000 136.50100 107.81900 85.61990 68.34420 54.82120 44.17380 35.74290 29.03070 23.65980 19.34170 15.85490 13.02840 9.74316 6.65471 4.57111 3.15409 2.18428 1.51724 1.05659 0.73743 0.51569 0.36127
484.68300 383.10600 304.49200 243.44700 195.79300 158.36000 128.77000 105.23300 86.39730 71.23720 58.96850 48.98840 40.83000 34.13040 26.21110 18.57350 13.25170 9.50402 6.84297 4.94146 3.57621 2.59250 1.88181 1.36735
261.66000 204.09200 159.98600 126.11000 99.96670 79.67530 63.82980 51.38000 41.53940 33.71670 27.46470 22.44300 18.39110 15.10810 11.29410 7.70988 5.29242 3.64870 2.52411 1.75097 1.21745 0.84815 0.59188 0.41368
1030.74000 822.35200 659.76600 532.43600 432.15800 352.68800 289.30700 238.44500 197.39000 164.06800 136.88200 114.59400 96.23810 81.05620 62.95750 45.30100 32.83510 23.93780 17.53070 12.88370 9.49414 7.01094 5.18553 3.84015
618.78200 507.98500 418.90800 347.20900 289.28300 242.25600 203.86900 172.35900 146.34800 124.75600 106.73400 91.61250 78.86030 68.05400 54.77240 41.23770 31.18270 23.63650 17.93200 13.59940 10.29990 7.78418 5.86614 4.40508
604.40600 490.61600 400.26300 328.34300 270.83100 224.58300 187.17500 156.73700 131.82800 111.33200 94.37570 80.27740 68.49870 58.61310 46.60980 34.58820 25.83420 19.38940 14.60350 11.02600 8.33870 6.31292 4.78201 3.62314
497.32800 393.62300 312.93800 250.03500 200.78700 162.02600 131.35200 106.94200 87.41060 71.70250 59.00710 48.69950 40.29510 33.41590 25.32600 17.59610 12.28380 8.60572 6.04483 4.25445 2.99893 2.11647 1.49514 1.05708
952.75500 748.58500 591.44800 470.00300 375.59300 301.72800 243.57000 197.49900 160.79600 131.40300 107.75000 88.63110 73.11270 60.46880 45.68200 31.65580 22.08580 15.49470 10.91980 7.72405 5.47995 3.89743 2.77760 1.98295
425.11000 332.09200 260.83700 206.07600 163.77100 130.89000 105.17200 84.92980 68.89820 56.12630 45.89380 37.65230 30.98200 25.55910 19.22980 13.23900 9.16200 6.36403 4.43213 3.09242 2.16050 1.51083 1.05724 0.74018
493.71500 387.73500 306.24700 243.36000 194.55600 156.44300 126.48400 102.78600 83.92450 68.82410 56.66650 46.82590 38.82050 32.27730 24.58670 17.22790 12.14780 8.60519 6.11569 4.35645 3.10826 2.22016 1.58703 1.13505
512.74900 413.36700 334.96600 272.95000 223.66200 184.26700 152.59100 126.96900 106.12300 89.06600 75.03450 63.43240 53.79250 45.74680 36.04490 26.42450 19.50200 14.46800 10.77640 8.05122 6.02928 4.52318 3.39793 2.55525
458.26700 374.87900 308.19500 254.74800 211.72200 176.89800 148.54900 125.33800 106.22100 90.38950 77.20610 66.17040 56.88620 49.03860 39.42400 29.66950 22.45770 17.06690 13.00330 9.92126 7.57345 5.77979 4.40711 3.35570
276.20700 212.02700 163.66900 127.07800 99.22650 77.89320 61.44930 48.69820 38.75470 30.95990 24.81960 19.96040 16.09900 13.01830 9.50732 6.29510 4.19422 2.80808 1.88718 1.27204 0.85943 0.58175 0.39440 0.26774
722.24700 572.18700 455.78500 365.16500 294.22700 238.34800 194.05300 158.72500 130.38500 107.52800 88.99900 73.90700 61.55990 51.41670 39.42820 27.87780 19.84630 14.20510 10.21040 7.36336 5.32383 3.85700 2.79880 2.03357
224.54600 177.61400 141.31100 113.11900 91.10060 73.79270 60.09860 49.19480 40.45970 33.42150 27.71930 23.07520 19.27410 16.14830 12.44650 8.86542 6.35954 4.58621 3.32018 2.41027 1.75310 1.27678 0.93069 0.67880
413.36200 322.60500 253.09200 199.69900 158.48300 126.47900 101.47300 81.81050 66.25440 53.87330 43.96350 35.99000 29.54340 24.30870 18.20980 12.45470 8.55562 5.89478 4.06971 2.81356 1.94697 1.34817 0.93397 0.64724
426.35400 328.90300 255.21200 199.27000 156.55300 123.72300 98.32230 78.54330 63.04580 50.83130 41.15050 33.43730 27.26130 22.29330 16.56810 11.23950 7.67761 5.27190 3.63406 2.51225 1.74044 1.20768 0.83903 0.58347
490.26000 401.57600 330.37200 273.12500 226.92500 189.45900 158.91300 133.87300 113.23800 96.14430 81.91500 70.01480 60.01860 51.58700 41.29240 30.91150 23.30040 17.66250 13.45040 10.28150 7.88384 6.06111 4.67014 3.60523
388.72400 305.25400 241.11800 191.67900 153.36100 123.47200 100.00100 81.44400 66.67550 54.84530 45.30910 37.57570 31.26870 26.09760 19.99200 14.10790 10.01000 7.12753 5.08614 3.63394 2.59804 1.85796 1.32879 0.95030
483.81200 382.27300 303.32900 241.84000 193.75500 155.96200 126.10000 102.37700 83.43120 68.22470 55.96100 46.02660 37.94640 31.34990 23.61940 16.27250 11.25850 7.81345 5.43475 3.78648 2.64139 1.84436 1.28881 0.90116
297.55400 237.86200 191.10000 154.37100 125.38700 102.38600 84.02550 69.28250 57.37610 47.70770 39.81540 33.34130 28.00610 23.59060 18.32330 13.18160 9.55122 6.96179 5.09939 3.75068 2.76842 2.04965 1.52158 1.13228
247.79800 192.70600 150.66800 118.49000 93.72930 74.56060 59.62670 47.91920 38.68540 31.36030 25.51750 20.83300 17.05930 14.00580 10.46320 7.13804 4.89683 3.37320 2.33075 1.61416 1.11986 0.77803 0.54117 0.37680
680.04000 545.32200 439.59800 356.38800 290.58000 238.23300 196.33900 162.60600 135.27900 113.01200 94.76630 79.73670 67.29490 56.94800 44.52700 32.29000 23.55620 17.26180 12.69150 9.35414 6.90664 5.10595 3.77795 2.79681
419.36900 329.87400 260.91900 207.61300 166.18700 133.79600 108.30800 88.12170 72.03470 59.13610 48.73380 40.29840 33.42330 27.79350 21.16250 14.80290 10.40610 7.33993 5.18850 3.67250 2.60125 1.84291 1.30551 0.92446
1143.24000 899.99700 712.54400 567.47100 454.53600 366.05000 296.27500 240.91300 196.73400 161.28700 132.70400 109.54900 90.70880 75.31780 57.25380 40.02260 28.17970 19.95720 14.20020 10.14170 7.26468 5.21624 3.75261 2.70389
306.14400 236.23000 183.37200 143.22700 112.54900 88.94930 70.67500 56.43440 45.27070 36.46980 29.49500 23.93990 19.49480 15.92230 11.81090 7.99279 5.44752 3.73298 2.56849 1.77259 1.22603 0.84937 0.58914 0.40901
590.14500 464.86600 368.28300 293.51200 235.28400 189.64300 153.63500 125.04700 102.21900 83.88860 69.09630 57.10260 47.33530 39.34860 29.96340 20.99430 14.81570 10.51550 7.49714 5.36406 3.84844 2.76698 1.99276 1.43709
288.90500 225.99400 177.73400 140.58500 111.83300 89.44440 71.90150 58.07200 47.10640 38.36390 31.35780 25.71600 21.15230 17.44540 13.12480 9.04331 6.27097 4.37022 3.05744 2.14553 1.50925 1.06375 0.75096 0.53088
400.23400 319.27400 256.12900 206.71400 167.83800 137.06600 112.55200 92.90050 77.04780 64.18230 53.67980 45.05800 37.94240 32.04040 24.97390 18.03120 13.08690 9.52979 6.95207 5.07501 3.70409 2.70122 1.96717 1.42996
288.87400 227.52000 180.21200 143.60200 115.11300 92.80590 75.22590 61.28420 50.16020 41.23260 34.02760 28.18200 23.41570 19.51120 14.90970 10.49040 7.42694 5.28190 3.76849 2.69476 1.92993 1.38359 0.99256 0.71233
903.34100 726.69100 587.70400 478.02500 391.04500 321.66700 265.98900 221.03300 184.51600 154.68100 130.17100 109.92700 93.12470 79.11310 62.23340 45.51520 33.50160 24.77800 18.39170 13.68730 10.20540 7.61936 5.69360 4.25683
656.00100 516.71500 409.29900 326.18000 261.51100 210.88100 170.98700 139.35100 114.10800 93.84790 77.49360 64.22080 53.39410 44.52040 34.05420 23.99020 17.00280 12.10260 8.64051 6.18141 4.42823 3.17517 2.27804 1.63503
635.60700 502.44400 399.32900 319.21100 256.62600 207.43300 168.52200 137.55500 112.76600 92.81460 76.67320 63.55170 52.83720 44.05130 33.69010 23.73780 16.84130 12.01380 8.60690 6.18694 4.45920 3.22073 2.33021 1.68828
347.43900 270.14200 211.23400 166.19100 131.56200 104.77200 83.90950 67.55550 54.65210 44.40690 36.22350 29.65010 24.34250 20.03670 15.02330 10.29300 7.08555 4.89321 3.38633 2.34671 1.62767 1.12957 0.78416 0.54447
544.21500 431.47600 344.06700 276.01400 222.71800 180.70700 147.37600 120.76500 99.39460 82.13720 68.12970 56.70530 47.34570 39.64520 30.52590 21.71230 15.55770 11.21310 8.11882 5.89925 4.29810 3.13802 2.29468 1.68003
617.06800 509.91400 423.03000 352.53100 295.14300 248.22200 209.66800 177.82800 151.40000 129.35500 110.87700 95.31930 82.16270 70.99110 57.23910 43.21460 32.80170 24.99670 19.10310 14.62770 11.21520 8.60528 6.60499 5.06975
409.34900 305.32200 229.05400 172.89700 131.30400 100.29800 77.03300 59.46580 46.11940 35.92060 28.08410 22.03210 17.33610 13.67680 9.62354 6.06011 3.83628 2.43771 1.55324 0.99167 0.63410 0.40595 0.26015 0.16685
255.55800 199.63600 156.93600 124.21000 98.98150 79.40130 64.09690 52.04820 42.49370 34.86290 28.72610 23.75820 19.71170 16.39740 12.48880 8.72980 6.12202 4.29896 3.01897 2.11853 1.48485 1.03914 0.72600 0.50632
714.37400 552.25700 429.45400 336.05300 264.59300 209.55700 166.88600 133.58700 107.44000 86.78820 70.38620 57.29110 46.78460 38.31640 28.53420 19.40110 13.27550 9.12609 6.29433 4.35125 3.01279 2.08832 1.44861 1.00540
465.90400 369.28000 294.23700 235.80700 190.09400 154.12100 125.63500 102.93200 84.72270 70.02590 58.09360 48.35170 40.35710 33.76590 25.93790 18.34520 13.03020 9.28030 6.62032 4.72677 3.37578 2.41060 1.72059 1.22717
243.01100 186.40900 143.80400 111.59900 87.11380 68.37940 53.95320 42.77610 34.06550 27.23970 21.86300 17.60730 14.22350 11.52180 8.43838 5.61034 3.75419 2.52463 1.70426 1.15386 0.78301 0.53232 0.36243 0.24707
675.74600 535.70100 427.07000 342.54200 276.41500 224.36100 183.11700 150.23000 123.84400 102.54700 85.26090 71.15300 59.57960 50.03900 38.70370 27.68570 19.93320 14.41840 10.46290 7.60891 5.54117 4.03890 2.94550 2.14879
213.96800 168.11600 132.76900 105.44600 84.22180 67.64020 54.60600 44.29680 36.09370 29.52840 24.24520 19.97180 16.49890 13.66440 10.34090 7.17587 5.00700 3.50827 2.46602 1.73771 1.22693 0.86767 0.61442 0.43558
557.37000 439.15800 347.79800 276.98600 221.82500 178.60300 144.53100 117.50900 95.95390 78.66450 64.72390 53.42800 44.23290 36.71630 27.88550 19.45040 13.64720 9.61836 6.80202 4.82287 3.42650 2.43834 1.73744 1.23938
200.68200 161.38200 130.37700 105.87200 86.42270 70.90680 58.45890 48.41510 40.26490 33.61510 28.16070 23.66460 19.94120 16.84450 13.12850 9.47234 6.86963 5.00087 3.65041 2.66985 1.95537 1.43344 1.05147 0.77154
477.51400 384.28700 310.73700 252.60200 206.45700 169.63600 140.08500 116.22800 96.85360 81.02930 68.03260 57.30190 48.39830 40.97710 32.04470 23.21510 16.89400 12.33010 9.01524 6.59772 4.83002 3.53546 2.58662 1.89098
294.49700 234.28100 187.35800 150.68300 121.87200 99.10480 81.00300 66.52340 54.87330 45.44760 37.78100 31.51390 26.36670 22.12070 17.07490 12.17480 8.73520 6.29691 4.55517 3.30376 2.40075 1.74705 1.27271 0.92792
458.39800 358.61700 282.16700 223.40400 177.99300 142.67900 115.03200 93.24110 75.94850 62.13510 51.03090 42.05190 34.75180 28.78760 21.78210 15.09080 10.49120 7.30681 5.09248 3.54891 2.47167 1.71968 1.19490 0.82895
237.02500 184.63400 144.58800 113.87600 90.19780 71.83180 57.49790 46.24290 37.35370 30.29400 24.65820 20.13720 16.49410 13.54630 10.12690 6.91894 4.75779 3.28848 2.28225 1.58915 1.10952 0.77639 0.54432 0.38223
502.22900 399.69300 319.66200 257.01600 207.73400 168.74000 137.70500 112.86100 92.86500 76.68850 63.53930 52.80350 44.00180 36.75830 28.18240 19.90700 14.14890 10.10640 7.24787 5.21466 3.76175 2.71962 1.96984 1.42906
252.86900 192.47800 147.37100 113.52500 87.97430 68.55930 53.71090 42.28440 33.43950 26.55490 21.16830 16.93290 13.58760 10.93390 7.92924 5.20332 3.43644 2.28048 1.51877 1.01417 0.67856 0.45469 0.30504 0.20483
295.35400 224.79500 172.05700 132.46600 102.56800 79.84620 62.46920 49.10000 38.75610 30.71070 24.42220 19.48430 15.59040 12.50770 9.02705 5.88395 3.85919 2.54340 1.68245 1.11612 0.74208 0.49426 0.32968 0.22017
803.69200 618.00000 477.80900 371.53400 290.50800 228.34500 180.35800 143.09400 113.99600 91.15560 73.14120 58.86940 47.51560 38.44890 28.10440 18.62820 12.42300 8.32492 5.60000 3.77841 2.55555 1.73190 1.17565 0.79918
162.12300 123.16400 94.11340 72.36650 55.99200 43.58210 34.11360 26.84160 21.22080 16.84980 13.43090 10.74250 8.61802 6.93163 5.02046 3.28500 2.16011 1.42531 0.94271 0.62456 0.41428 0.27505 0.18275 0.12150
429.44400 344.73400 277.98000 225.28300 183.51400 150.23900 123.58200 102.10600 84.70550 70.52980 58.92060 49.36630 41.46750 34.91030 27.06100 19.36920 13.92390 10.03950 7.25337 5.24713 3.79857 2.75073 1.99185 1.44184
568.60600 446.52200 352.59100 280.02700 223.64700 179.56300 144.87600 117.41800 95.55880 78.06450 63.99490 52.62830 43.40660 35.89600 27.11580 18.79040 13.11150 9.20075 6.48634 4.59002 3.25818 2.31873 1.65370 1.18155
352.40700 276.67200 218.24700 173.06300 137.95700 110.53200 88.98240 71.95270 58.41970 47.60830 38.92790 31.92590 26.25360 21.64040 16.25740 11.16890 7.71429 5.35025 3.72264 2.59677 1.81515 1.27096 0.89121 0.62571
340.88700 270.26600 215.52000 172.93600 139.63400 113.42700 92.66470 76.10220 62.79860 52.04010 43.28280 36.11070 30.20370 25.31410 19.47660 13.77250 9.74824 6.89161 4.85790 3.40927 2.37864 1.64727 1.13018 0.76629
329.47400 252.91400 195.20300 151.52100 118.26700 92.79290 73.15780 57.93350 46.06390 36.76210 29.43780 23.64530 19.04560 15.37930 11.20630 7.39698 4.91288 3.27915 2.19732 1.47704 0.99540 0.67222 0.45476 0.30811
739.88700 575.52200 450.12300 354.03800 279.97600 222.52400 177.67600 142.46000 114.65800 92.59810 75.01570 60.94360 49.63830 40.52410 30.00830 20.22900 13.71670 9.34486 6.39051 4.38344 3.01409 2.07664 1.43310 0.99035
932.88800 726.37800 568.90900 448.27800 355.30200 283.16600 226.83300 182.56800 147.58100 119.77900 97.57340 79.75530 65.39500 53.77400 40.29120 27.63410 19.09320 13.26990 9.26552 6.49295 4.56282 3.21344 2.26697 1.60142
506.81200 415.13200 341.61400 282.56800 234.95600 196.36900 164.92100 139.14600 117.90100 100.29400 85.62220 73.33360 62.98980 54.24230 43.51960 32.63610 24.58950 18.57960 14.05740 10.63740 8.04281 6.07110 4.57193 3.43243
209.46000 158.91300 121.17200 92.89160 71.58860 55.44720 43.14450 33.71450 26.44790 20.82050 16.44250 13.02220 10.33970 8.22850 5.86358 3.75399 2.41637 1.56204 1.01324 0.65910 0.42975 0.28076 0.18374 0.12044
320.18400 245.42900 189.18100 146.67500 114.36400 89.64720 70.62070 55.88660 44.41250 35.43020 28.36430 22.78090 18.35040 14.82100 10.80580 7.14137 4.75109 3.17763 2.13420 1.43818 0.97174 0.65799 0.44633 0.30321
341.91900 259.27200 197.86700 152.04400 117.63300 91.61040 71.78780 56.57960 44.82960 35.68960 28.53400 22.89800 18.43410 14.88080 10.83730 7.14176 4.72701 3.13704 2.08501 1.38688 0.92284 0.61415 0.40872 0.27200
446.21200 360.81400 293.25500 239.66900 196.96700 162.74800 135.16300 112.79500 94.54990 79.58530 67.24510 57.01740 48.49990 41.37470 32.75930 24.18370 17.98510 13.45570 10.11620 7.63598 5.78304 4.39199 3.34349 2.55056
447.95400 351.46000 277.15500 219.76700 175.22300 140.45000 113.14100 91.56480 74.41990 60.72040 49.71650 40.83450 33.63270 27.76900 20.91550 14.41900 9.99249 6.95168 4.85004 3.39094 2.37455 1.66480 1.16826 0.82040
593.76200 473.93900 380.37200 307.09600 249.41500 203.73300 167.32500 138.12500 114.56400 95.44000 79.82980 67.01870 56.45040 47.68960 37.20870 26.92190 19.60150 14.33460 10.51410 7.72645 5.68436 4.18454 3.08124 2.26893
545.30200 428.90900 339.38200 270.23900 216.52100 174.50900 141.43200 115.21900 94.31720 77.55170 64.02860 53.06270 44.12540 36.80670 28.18260 19.89710 14.14490 10.10650 7.24678 5.20886 3.75006 2.70257 1.94892 1.40596
752.95700 610.71700 498.00600 408.42800 336.88300 279.41100 232.96100 195.19100 164.29500 138.87400 117.84100 100.34500 85.71620 73.42620 58.48020 43.47260 32.50830 24.40960 18.37750 13.85690 10.45440 7.88597 5.94372 4.47361
279.17400 214.29100 165.40700 128.43500 100.31400 78.79130 62.21310 49.36380 39.34500 31.48840 25.29440 20.38640 16.47930 13.35580 9.78540 6.50436 4.34733 2.91743 1.96368 1.32465 0.89507 0.60558 0.41015 0.27803
589.10900 462.50200 365.04500 289.76500 231.30300 185.62400 149.71300 121.31100 98.71730 80.64750 66.12170 54.38920 44.87080 37.11670 28.04730 19.43870 13.55890 9.50534 6.68993 4.72305 3.34267 2.37042 1.68368 1.19752
560.93800 449.38300 361.99800 293.32500 239.07600 195.96500 161.49000 133.75000 111.29400 93.00730 78.03180 65.70170 55.49750 47.01200 36.82280 26.77350 19.58490 14.38800 10.60090 7.82494 5.78185 4.27394 3.15907 2.33394
544.08700 426.87200 336.89000 267.49700 213.65200 171.59500 138.53000 112.37200 91.55500 74.89870 61.50310 50.67850 41.89230 34.73090 26.34710 18.37500 12.91250 9.12897 6.48500 4.62402 3.30664 2.36990 1.70150 1.22329
205.42600 155.98800 119.10000 91.47670 70.67610 54.91490 42.89570 33.67240 26.55180 21.02310 16.70730 13.32160 10.65330 8.54167 6.15818 4.00670 2.62186 1.72318 1.13637 0.75139 0.49791 0.33053 0.21976 0.14631
171.72200 130.79900 100.17000 77.16260 59.78470 46.57790 36.47770 28.70550 22.68910 18.00540 14.33990 11.45710 9.17963 7.37304 5.32830 3.47608 2.27952 1.50065 0.99080 0.65566 0.43467 0.28859 0.19185 0.12768
441.14700 351.52000 281.65600 226.99500 183.99200 149.95000 122.83100 101.09500 83.57190 69.36650 57.79110 48.31310 40.51700 34.07690 26.41200 18.95190 13.70010 9.96285 7.27974 5.33945 3.92814 2.89682 2.14039 1.58394
304.25800 237.53200 186.64600 147.69100 117.69100 94.42530 76.25210 61.95350 50.62300 41.58140 34.31710 28.44220 23.66130 19.74760 15.13230 10.68660 7.58828 5.40580 3.85754 2.75452 1.96693 1.40405 1.00172 0.71427
242.67900 189.18100 148.38100 117.15000 93.10570 74.46960 59.92550 48.49670 39.45570 32.25750 26.49060 21.84280 18.07580 15.00630 11.40950 7.97818 5.61463 3.96861 2.81317 1.99769 1.42009 1.01006 0.71862 0.51132
135.14700 101.68800 76.94160 58.56380 44.83670 34.51860 26.71380 20.77380 16.22660 12.72610 10.01720 7.91088 6.26562 4.97527 3.53495 2.25516 1.44656 0.93164 0.60181 0.38963 0.25270 0.16411 0.10671 0.06945
404.93000 316.79600 249.16600 197.10500 156.82000 125.45700 100.88900 81.52390 66.17060 53.92890 44.11660 36.21220 29.81530 24.61620 18.55110 12.81360 8.90915 6.22666 4.36973 3.07664 2.17196 1.53666 1.08919 0.77326
406.42900 327.64700 265.53900 216.43500 177.42100 146.24500 121.18000 100.90500 84.40780 70.90650 59.79600 50.60460 42.96270 36.57920 28.87200 21.21300 15.68590 11.65410 8.68813 6.49248 4.85944 3.64075 2.72912 2.04608
511.63600 410.94500 331.79800 269.39200 219.93100 180.49300 148.85300 123.31800 102.59000 85.67620 71.80410 60.37360 50.91350 43.05210 33.62830 24.36750 17.77800 13.04100 9.60715 7.10116 5.26253 3.90791 2.90664 2.16468
189.79300 149.32900 118.08600 93.91150 75.12010 60.42890 48.87010 39.71570 32.41810 26.56370 21.83910 18.00540 14.87960 12.32010 9.30798 6.42812 4.45024 3.08457 2.13868 1.48246 1.02691 0.71067 0.49122 0.33905
284.42900 216.58000 165.87000 127.81400 99.08740 77.26340 60.57450 47.73060 37.78500 30.03830 23.97070 19.19370 15.41460 12.41200 9.00525 5.90694 3.89474 2.57746 1.71014 1.13679 0.75669 0.50421 0.33625 0.22440
321.53400 253.09200 200.35100 159.54800 127.79900 102.93700 83.34230 67.80390 55.40900 45.46670 37.44980 30.95350 25.66510 21.34130 16.25950 11.39970 8.04816 5.71263 4.07163 2.91113 2.08635 1.49794 1.07697 0.77513
308.08200 242.20000 191.26600 151.80500 121.10300 97.09090 78.20540 63.26810 51.38820 41.89010 34.25850 28.09810 23.10440 19.04080 14.29670 9.81055 6.76516 4.68268 3.25073 2.26193 1.57689 1.10108 0.76989 0.53897
256.26800 198.56400 154.84500 121.58700 96.13140 76.51180 61.28090 49.37220 39.99560 32.56240 26.63100 21.86800 18.02070 14.89580 11.24780 7.78647 5.41878 3.78321 2.64603 1.85220 1.29682 0.90787 0.63540 0.44454
286.58700 227.84400 182.08900 146.34100 118.27000 96.09360 78.46790 64.37440 53.04030 43.87550 36.42670 30.34330 25.35240 21.24060 16.36300 11.63950 8.33516 6.00059 4.33795 3.14632 2.28802 1.66738 1.21720 0.88987
425.13000 339.29300 272.24100 219.70600 178.33800 145.57000 119.45300 98.50890 81.61100 67.89780 56.70630 47.52370 39.95110 33.67670 26.17700 18.83020 13.61930 9.88716 7.19495 5.24319 3.82347 2.78857 2.03325 1.48165
435.68900 340.30800 267.41000 211.45500 168.24600 134.65600 108.37100 87.66800 71.26130 58.18280 47.69900 39.25050 32.40770 26.83930 20.32870 14.14320 9.90615 6.97249 4.92468 3.48666 2.47255 1.75530 1.24699 0.88629
383.43500 287.25700 216.51800 164.25600 125.40600 96.33270 74.42690 57.81100 45.12560 35.38040 27.84970 21.99830 17.42870 13.84400 9.83966 6.27658 4.02182 2.58466 1.66422 1.07288 0.69222 0.44687 0.28861 0.18646
667.25900 539.95600 439.28500 359.45200 295.83800 244.85300 203.74100 170.38300 143.15200 120.79000 102.31800 86.97370 74.15920 63.40300 50.33290 37.21990 27.64900 20.59020 15.34610 11.43180 8.50222 6.30738 4.66321 3.43287
599.39200 475.37900 379.08000 304.06100 245.31400 199.02800 162.33100 133.05600 109.56100 90.59700 75.20540 62.64810 52.35250 43.87240 33.81130 24.05840 17.22430 12.38680 8.93638 6.46152 4.67923 3.39209 2.46073 1.78592
430.41400 355.43700 294.80700 245.71400 205.82000 173.24500 146.50600 124.44000 106.13000 90.85890 78.05610 67.27030 58.14130 50.38020 40.80760 31.01050 23.69840 18.18370 13.99060 10.78290 8.31814 6.41847 4.95135 3.81695
383.29900 293.46500 226.05000 175.25200 136.74400 107.35600 84.77230 67.30100 53.69650 43.03660 34.63440 27.97470 22.66850 18.42060 13.55360 9.06179 6.09123 4.10934 2.77891 1.88208 1.27589 0.86547 0.58728 0.39862
334.40400 266.57700 213.58600 172.08100 139.42100 113.57500 92.99750 76.51640 63.23770 52.47790 43.71180 36.53350 30.62700 25.74570 19.93190 14.26870 10.28050 7.44457 5.41250 3.94770 2.88680 2.11555 1.55317 1.14207
393.00700 321.60000 264.21700 218.06600 180.82600 150.64200 126.05400 105.92100 89.34890 75.63960 64.24310 54.72530 46.74180 40.01810 31.82550 23.59200 17.58480 13.16260 9.88438 7.44111 5.61252 4.23957 3.20617 2.42684
412.44600 336.05500 275.09900 226.38000 187.28500 155.75300 130.17500 109.30500 92.17680 78.03730 66.29950 56.50330 48.28630 41.36180 32.91210 24.39510 18.15590 13.54480 10.11550 7.55479 5.63774 4.20072 3.12312 2.31533
273.15900 210.70900 163.49400 127.64900 100.27400 79.23160 62.94890 50.26800 40.33110 32.49820 26.28930 21.34150 17.37920 14.19160 10.51820 7.10119 4.82089 3.28554 2.24512 1.53692 1.05338 0.72257 0.49594 0.34054
210.05000 171.42400 140.46700 115.63500 95.64870 79.48980 66.35850 55.63080 46.81990 39.54580 33.51010 28.47820 24.26450 20.72160 16.41340 12.09660 8.95901 6.65940 4.96324 3.70621 2.77133 2.07420 1.55336 1.16368
284.51700 215.86000 164.67800 126.37400 97.54540 75.71180 59.07110 46.31010 36.46650 28.83100 22.87750 18.21280 14.54150 11.64030 8.37153 5.42874 3.54043 2.31887 1.52376 1.00382 0.66262 0.43811 0.29007 0.19229
210.80800 166.49700 132.23700 105.66500 84.95000 68.70140 55.87210 45.67400 37.51290 30.93920 25.61090 21.26710 17.70690 14.77520 11.29850 7.93415 5.58718 3.93890 2.77661 1.95532 1.37457 0.96402 0.67410 0.46969
395.07300 298.71800 227.20000 173.89100 133.91700 103.74400 80.81550 63.27850 49.78050 39.32900 31.19040 24.81940 19.80790 15.84840 11.38740 7.37039 4.79272 3.12636 2.04365 1.33776 0.87652 0.57470 0.37700 0.24742
378.19000 303.88000 245.40500 199.28200 162.73500 133.61500 110.27400 91.45160 76.18100 63.71980 53.49460 45.05980 38.06800 32.24590 25.24680 18.33890 13.40000 9.83544 7.24401 5.34951 3.95857 2.93396 2.17726 1.61728
463.51300 377.29600 308.58300 253.71100 209.70600 174.23100 145.47100 122.02100 102.79200 86.93760 73.79790 62.85340 53.69420 45.99520 36.63140 27.23580 20.38340 15.33360 11.58100 8.77396 6.66337 5.07005 3.86343 2.94739
333.09500 260.10800 204.28800 161.42000 128.30000 102.54500 82.38540 66.50610 53.92430 43.90010 35.87220 29.41180 24.18920 19.94950 15.01060 10.34710 7.17942 5.00637 3.50408 2.45935 1.72961 1.21821 0.85898 0.60620
329.10200 253.46700 196.55100 153.54100 120.83000 95.76750 76.41770 61.36250 49.55880 40.23470 32.81580 26.87220 22.08000 18.19380 13.66530 9.38097 6.46366 4.46125 3.08060 2.12662 1.46707 1.01122 0.69641 0.47921
180.26200 143.24200 114.40000 91.87860 74.21420 60.28070 49.22180 40.38880 33.28940 27.54870 22.88000 19.06300 15.92710 13.33950 10.26400 7.27912 5.18852 3.71241 2.66385 1.91565 1.37995 0.99540 0.71880 0.51952
599.63500 462.90400 359.37500 280.71600 220.62100 174.41600 138.65600 110.79900 88.96080 71.73590 58.07110 47.17150 38.43390 31.39730 23.27860 15.71630 10.66460 7.26225 4.95740 3.38977 2.32065 1.59013 1.09034 0.74807
712.72700 562.95400 447.13500 357.20000 286.96100 231.75500 188.08800 153.34000 125.53000 103.15400 85.06260 70.36820 58.38280 48.56870 37.01960 25.96610 18.34330 13.03490 9.30791 6.67326 4.80024 3.46246 2.50326 1.81330
421.62500 333.28100 264.83300 211.65200 170.12600 137.51300 111.73900 91.24470 74.84750 61.65020 50.96760 42.27390 35.16320 29.32050 22.41080 15.74770 11.11410 7.86580 5.57610 3.95629 2.80785 1.99259 1.41352 1.00216
837.84200 683.71600 560.60000 462.05000 382.82200 318.78700 266.73800 224.19000 189.21600 160.31600 136.31400 116.28500 99.49660 85.36390 68.14790 50.83800 38.18430 28.83570 21.86870 16.64020 12.69470 9.70423 7.42996 5.69573
155.34700 122.96300 97.87690 78.38380 63.15890 51.19370 41.72710 34.18570 28.13660 23.25190 19.28260 16.03820 13.37220 11.17140 8.55392 6.01196 4.23266 2.97992 2.09513 1.46947 1.02713 0.71478 0.49469 0.34004
239.42200 194.46900 158.70000 130.19300 107.38300 89.03680 74.19700 62.12240 52.23930 44.10310 37.36730 31.76140 27.07250 23.13270 18.34300 13.54090 10.04500 7.47698 5.57805 4.16720 3.11551 2.32977 1.74188 1.30164
319.55000 259.81600 212.24200 174.29000 143.89100 119.41800 99.60320 83.46710 70.25020 59.36270 50.34460 42.83530 36.55130 31.26800 24.83930 18.38380 13.67300 10.20270 7.62853 5.70982 4.27506 3.20004 2.39366 1.78853
266.34300 212.69700 170.83600 138.05200 112.23400 91.77460 75.45630 62.35860 51.78160 43.19000 36.17180 30.40800 25.64990 21.70300 16.97700 12.33170 9.01879 6.62839 4.88804 3.61254 2.67333 1.97954 1.46602 1.08548
799.68000 649.45900 530.11900 435.08200 359.04600 297.87200 248.36500 208.06300 175.06600 147.90200 125.42200 106.72600 91.10370 77.99050 62.06840 46.12370 34.51470 25.96750 19.61770 14.86660 11.29210 8.59150 6.54473 4.98985
314.51100 242.70000 188.48400 147.38900 116.04900 91.98410 73.37110 58.87030 47.49160 38.49980 31.34600 25.61790 21.00410 17.26790 12.92410 8.83037 6.05715 4.16383 2.86517 1.97213 1.35731 0.93389 0.64234 0.44166
333.31400 254.88700 195.94800 151.49100 117.77500 92.04820 72.29760 57.04450 45.19770 35.94710 28.68740 22.96370 18.43160 14.82910 10.74210 7.02893 4.62242 3.05118 2.01964 1.33966 0.89009 0.59217 0.39440 0.26293
320.35500 252.40100 199.82800 159.05900 127.30200 102.42600 82.82450 67.28630 54.89520 44.95660 36.94100 30.44310 25.15080 20.82230 15.73500 10.87790 7.54464 5.24267 3.64651 2.53712 1.76508 1.22753 0.85322 0.59264
727.69900 581.36700 466.98800 377.30900 306.63900 250.61500 205.92600 170.05600 141.08800 117.55700 98.33410 82.54480 69.50970 58.69710 45.75430 33.04800 24.01060 17.51720 12.81600 9.39359 6.89240 5.05964 3.71438 2.72591
146.50700 111.68200 85.59860 65.98500 51.15260 39.86600 31.22430 24.56800 19.41180 15.39650 12.25400 9.78327 7.83237 6.28593 4.53747 2.95612 1.93637 1.27359 0.84028 0.55572 0.36822 0.24436 0.16237 0.10801
408.49500 315.53600 245.25800 191.87800 151.07600 119.67500 95.34200 76.36220 61.46430 49.70020 40.35740 32.89720 26.90960 22.08050 16.49540 11.26860 7.74989 5.35565 3.71344 2.58057 1.79594 1.25106 0.87201 0.60804
583.81900 463.86600 370.38300 297.34500 240.01200 194.75200 158.81200 130.10400 107.04200 88.41280 73.28670 60.94450 50.82770 42.50000 32.63250 23.09380 16.43920 11.75450 8.43331 6.06626 4.37237 3.15648 2.28164 1.65103
707.52700 546.78200 424.98100 332.32400 261.42800 206.83200 164.51300 131.50400 105.60000 85.15750 68.93730 56.00270 45.63940 37.29980 27.68760 18.74460 12.77330 8.74747 6.01285 4.14473 2.86310 1.98103 1.37250 0.95191
340.97900 271.80200 217.88300 175.72800 142.59600 116.39600 95.54400 78.84200 65.38050 54.46490 45.56190 38.25950 32.23780 27.24660 21.27500 15.41080 11.23320 8.22344 6.03699 4.43935 3.26744 2.40573 1.77123 1.30374
927.82700 747.00200 604.42700 491.72200 402.21000 330.72000 273.28800 226.87900 189.16300 158.34300 133.02800 112.13100 94.80200 80.36840 63.01340 45.88010 33.62190 24.76300 18.30930 13.57810 10.09290 7.51576 5.60453 4.18392
570.52300 446.63100 351.61400 278.43100 221.73500 177.53000 142.84400 115.46200 93.72230 76.37030 62.45200 51.23660 42.16080 34.78730 26.19290 18.07600 12.56360 8.78311 6.16936 4.35018 3.07712 2.18228 1.55102 1.10439
301.52200 236.02800 185.81700 147.17500 117.26700 93.97330 75.71320 61.30860 49.87630 40.75010 33.42430 27.51300 22.71940 18.81440 14.24400 9.89795 6.92052 4.86060 3.42486 2.41871 1.71086 1.21147 0.85849 0.60864
315.50300 250.66300 200.19000 160.77800 129.84900 105.43500 86.04640 70.55580 58.10800 48.05010 39.88090 33.21320 27.74630 23.24470 17.90840 12.74520 9.13687 6.58930 4.77551 3.47521 2.53771 1.85860 1.36471 1.00432
679.52300 547.94400 444.01800 361.72500 296.25300 243.86800 201.70600 167.57500 139.79100 117.05500 98.35730 82.90820 70.08730 59.40360 46.55330 33.86610 24.79130 18.23620 13.46400 9.96839 7.39583 5.49583 4.08880 3.04473
710.74400 555.78200 437.10900 345.84000 275.23000 220.24900 177.15900 143.18000 116.22700 94.73040 77.49770 63.61660 52.38490 43.25870 32.61610 22.55190 15.70270 10.99380 7.72978 5.45265 3.85605 2.73226 1.93893 1.37762
454.94500 355.70600 279.63700 221.08300 175.74700 140.42100 112.72300 90.87540 73.54740 59.73410 48.67130 39.77370 32.58950 26.76810 20.00830 13.66370 9.39129 6.48949 4.50434 3.13810 2.19311 1.53675 1.07928 0.75948
500.63300 403.30900 326.64900 266.10500 218.05900 179.71200 148.91500 124.02500 103.78300 87.21580 73.57430 62.27550 52.86500 44.98660 35.44430 25.91790 19.01170 13.96050 10.24550 7.50530 5.48207 3.98895 2.88877 2.08007
1104.65000 914.12500 759.54400 634.00400 531.70700 447.97100 379.08500 322.12100 274.77700 235.23100 202.04300 174.06200 150.36900 130.22600 105.39200 80.00800 61.10600 46.88990 36.11170 27.88780 21.58150 16.72710 12.97930 10.07930
714.46500 555.63600 434.74000 342.27000 271.09700 215.94800 172.93000 139.16300 112.49800 91.32530 74.42590 60.87170 49.95060 41.11320 30.85710 21.22000 14.70490 10.25150 7.17990 5.04628 3.55601 2.51073 1.77529 1.25664
237.10000 187.28400 148.70900 118.75400 95.37840 77.03130 62.54160 51.02660 41.81930 34.41360 28.42330 23.55230 19.57210 16.30550 12.44830 8.73798 6.16522 4.36629 3.10063 2.20614 1.57188 1.12107 0.80008 0.57124
481.09500 394.01000 324.12900 267.96500 222.65200 185.91200 155.96300 131.41500 111.18700 94.42930 80.47760 68.80620 58.99810 50.72090 40.60680 30.39520 22.89730 17.33610 13.17760 10.04790 7.68046 5.88228 4.51214 3.46548
696.02600 562.07700 456.12800 372.10800 305.16100 251.51400 208.27000 173.21100 144.63000 121.21000 101.92600 85.97470 72.72520 61.67630 48.37830 35.24240 25.84440 19.05510 14.11090 10.48650 7.81546 5.83849 4.37012 3.27641
177.65800 136.27700 105.20300 81.77760 64.00970 50.43920 39.99910 31.90830 25.59300 20.62880 16.70030 13.57180 11.06560 9.04739 6.71705 4.54210 3.08504 2.10100 1.43301 0.97818 0.66795 0.45617 0.31155 0.21278
330.46300 255.25600 198.22100 154.80800 121.58300 95.99920 76.17800 60.72890 48.61860 39.07440 31.51460 25.49860 20.69020 16.83180 12.40270 8.30949 5.60104 3.79343 2.57882 1.75833 1.20177 0.82299 0.56452 0.38777
290.48600 220.85400 168.88900 129.95400 100.61300 78.35970 61.36990 48.31300 38.21440 30.35560 24.20460 19.36410 15.53620 12.49580 9.04774 5.91483 3.88379 2.55771 1.68771 1.11508 0.73739 0.48792 0.32299 0.21388
725.79900 568.60000 448.00300 355.11300 283.14800 227.03800 183.00800 148.24000 120.62200 98.56150 80.84530 66.54680 54.95220 45.50890 34.46140 23.96440 16.77860 11.80890 8.34400 5.91317 4.19976 2.98777 2.12820 1.51738
450.34000 368.42300 302.74100 250.00500 207.50700 173.09200 145.07200 122.13100 103.24300 87.60880 74.59800 63.71630 54.57200 46.85390 37.42000 27.89080 20.89310 15.70660 11.83580 8.93231 6.74641 5.09666 3.84948 2.90569
449.03000 342.63700 262.88700 202.84900 157.39000 122.75400 96.20200 75.72820 59.85440 47.48440 37.79940 30.18350 24.17040 19.40520 14.01960 9.15160 6.01297 3.97160 2.63442 1.75345 1.17036 0.78297 0.52482 0.35236
439.67700 346.62400 274.76100 219.07500 175.69500 141.69700 114.88200 93.60280 76.61370 62.97130 51.95600 43.01580 35.72440 29.75100 22.71210 15.95650 11.27950 8.01035 5.70827 4.07814 2.91900 2.09221 1.50112 1.07782
366.99700 286.23300 224.51200 177.14800 140.58800 112.18400 89.97460 72.50060 58.67240 47.66990 38.87150 31.80250 26.09820 21.47630 16.10610 11.05540 7.64125 5.31045 3.70652 2.59574 1.82263 1.28243 0.90384 0.63786
459.83500 364.67000 290.79300 233.21500 188.08400 152.48600 124.23200 101.66900 83.54850 68.91830 57.04790 47.37290 39.45380 32.94680 25.25630 17.85140 12.70870 9.10195 6.55148 4.73538 3.43468 2.49861 1.82221 1.33178
183.24000 146.13900 117.14000 94.43320 76.57530 62.45120 51.20960 42.20300 34.93950 29.04410 24.23000 20.27670 17.01360 14.30800 11.07270 7.90583 5.66684 4.07235 2.93121 2.11183 1.52222 1.09737 0.79100 0.56997
224.07600 174.74000 137.12800 108.35700 86.22320 69.07940 55.70460 45.19260 36.86900 30.22960 24.89580 20.58180 17.07080 14.19710 10.81050 7.55649 5.30102 3.72533 2.61952 1.84171 1.29417 0.90875 0.63762 0.44702
312.45700 244.77400 192.83800 152.81800 121.79900 97.60040 78.60110 63.59220 51.66720 42.14160 34.49470 28.32740 23.33190 19.26940 14.52790 10.04100 6.98664 4.88727 3.43298 2.41929 1.70926 1.21004 0.85801 0.60920
304.70500 239.80900 189.69700 150.89000 120.69000 97.05340 78.44150 63.69780 51.94930 42.53440 34.94910 28.80700 23.81020 19.72800 14.93600 10.36580 7.22947 5.05988 3.55024 2.49537 1.75605 1.23678 0.87151 0.61429
777.98800 619.63400 496.23400 399.72300 323.82400 263.76500 215.94100 177.62400 146.74600 121.72600 101.34800 84.66950 70.95800 59.63750 46.17310 33.08210 23.87790 17.33720 12.64820 9.26247 6.80367 5.00977 3.69616 2.73140
360.37700 277.04200 214.23700 166.71600 130.54600 102.83700 81.46640 64.87650 51.91510 41.72640 33.67030 27.26510 22.14660 18.03720 13.31290 8.93409 6.02532 4.07715 2.76491 1.87768 1.27631 0.86807 0.59066 0.40203
601.77600 470.18500 369.44800 292.03600 232.20700 185.67300 149.24500 120.55100 97.81300 79.69360 65.17740 53.48940 44.03420 36.35170 27.39120 18.91450 13.14360 9.17664 6.42929 4.51598 3.17803 2.23961 1.57998 1.11557
597.53600 481.83500 390.17100 317.47900 259.63000 213.37300 176.18600 146.12200 121.68000 101.69800 85.27500 71.70970 60.45260 51.07170 39.78900 28.65850 20.71900 15.01490 10.89660 7.91343 5.74824 4.17489 3.03097 2.19914
660.46200 513.59700 401.83100 316.37200 250.61700 199.68000 159.95600 128.77900 104.16000 84.61040 69.00320 56.48110 46.38670 38.21320 28.71880 19.78350 13.73050 9.58431 6.71904 4.72530 3.33079 2.35168 1.66235 1.17606
257.45800 198.53700 153.93400 120.04700 94.15970 74.26160 58.87120 46.89410 37.51810 30.13710 24.29580 19.65020 15.93870 12.96100 9.54297 6.38395 4.29374 2.89941 1.96362 1.33276 0.90607 0.61676 0.42026 0.28660
574.57500 444.11400 345.27500 270.06400 212.48800 168.12600 133.72200 106.87500 85.80140 69.16830 55.97160 45.45040 37.02380 30.24610 22.43960 15.18440 10.34560 7.08621 4.87333 3.36178 2.32448 1.61012 1.11686 0.77558
1116.61000 881.81500 700.31700 559.42200 449.40300 362.94100 294.55700 240.13900 196.58700 161.54500 133.21200 110.20000 91.43020 76.06120 57.97540 40.66570 28.72790 20.41380 14.57570 10.44810 7.51357 5.41756 3.91485 2.83419
240.09100 192.91900 155.68500 126.24900 102.88700 84.25400 69.31210 57.26490 47.49930 39.54200 33.02610 27.66540 23.23610 19.56170 15.16750 10.86720 7.82653 5.65872 4.10346 2.98234 2.17127 1.58289 1.15517 0.84374
402.51500 314.49600 246.88400 194.81400 154.52700 123.18600 98.66550 79.37130 64.10560 51.96350 42.25800 34.46440 28.17950 23.09190 17.19040 11.65990 7.94529 5.43267 3.72416 2.55793 1.75959 1.21189 0.83551 0.57652
680.25200 525.50500 408.27400 319.07900 250.81500 198.23200 157.46900 125.67700 100.73700 81.06750 65.47670 53.06070 43.12960 35.15390 25.98720 17.49700 11.86040 8.08228 5.53057 3.79674 2.61310 1.80210 1.24484 0.86106
319.25700 243.37700 186.56400 143.84800 111.54200 86.95520 68.12620 53.62000 42.38130 33.62830 26.77770 21.39150 17.13880 13.76780 9.95618 6.50728 4.28037 2.82973 1.87812 1.25042 0.83458 0.55817 0.37393 0.25086
322.50000 256.18600 204.62200 164.39800 132.85800 107.97600 88.22450 72.44730 59.76840 49.52000 41.18980 34.38280 28.79280 24.18050 18.69630 13.36280 9.61081 6.94406 5.03382 3.65754 2.66181 1.93927 1.41388 1.03129
458.41600 352.99100 273.33600 212.88400 166.73200 131.27300 103.85800 82.53660 65.86180 52.75360 42.40000 34.18590 27.64260 22.41050 16.43120 10.94060 7.33370 4.94260 3.34560 2.27251 1.54795 1.05680 0.72285 0.49519
590.25000 462.49900 364.59800 289.29300 231.03400 185.66300 150.08600 122.00100 99.68390 81.83870 67.48210 55.86450 46.41130 38.67900 29.57590 20.83620 14.77190 10.51770 7.50956 5.37099 3.84522 2.75428 1.97328 1.41380
505.37600 399.16900 317.00000 253.22400 203.46100 164.39400 133.52900 108.99200 89.37000 73.58900 60.82910 50.45990 41.99330 35.04950 26.85610 18.97570 13.50320 9.66246 6.94411 5.00730 3.62018 2.62276 1.90333 1.38315
244.21800 187.92800 145.42000 113.18400 88.59380 69.71750 55.13570 43.80350 34.94670 27.98810 22.49380 18.13570 14.66410 11.88780 8.71414 5.79815 3.88147 2.61062 1.76221 1.19283 0.80916 0.54983 0.37412 0.25486
436.65000 351.25700 283.91200 230.67600 188.40100 154.64500 127.53700 105.64300 87.86350 73.34910 61.44200 51.62820 43.50450 36.75250 28.65790 20.70450 15.04970 10.99120 8.05660 5.92220 4.36277 3.21946 2.37898 1.75982
1083.49000 854.42500 677.58400 540.55200 433.76800 350.02500 283.92700 231.42800 189.48400 155.78400 128.56500 106.47300 88.45880 73.70570 56.33010 39.66430 28.12880 20.05940 14.36640 10.32320 7.43663 5.36770 3.88031 2.80852
435.61100 336.90500 262.26800 205.57900 162.24800 128.89100 103.02900 82.83460 66.95800 54.39310 44.38580 36.36670 29.90370 24.66670 18.57120 12.81120 8.88865 6.18965 4.31939 3.01753 2.10894 1.47395 1.02994 0.71945
263.68200 207.90900 164.67000 131.07400 104.85200 84.27950 68.04840 55.17280 44.90510 36.67640 30.05110 24.69360 20.34390 16.79950 12.65500 8.72684 6.05222 4.21647 2.94841 2.06799 1.45417 1.02478 0.72356 0.51175
274.07900 220.99300 179.05400 145.83900 119.41200 98.27160 81.26130 67.49610 56.29490 47.13200 39.59880 33.37630 28.21350 23.91220 18.74000 13.63520 9.98545 7.35033 5.43262 4.02815 2.99440 2.23051 1.66424 1.24343
1068.69000 837.76900 660.58000 524.04300 418.20300 335.62300 270.76700 219.51200 178.76400 146.18700 120.00800 98.86560 81.71230 67.73510 51.37530 35.81890 25.15760 17.77200 12.61100 8.97955 6.41065 4.58592 3.28574 2.35709
448.26100 353.10800 279.64400 222.73600 178.42000 143.70000 116.32800 94.61850 77.29890 63.40460 52.19950 43.11800 35.72370 29.67710 22.56970 15.77440 11.09240 7.83624 5.55516 3.94842 2.81199 2.00573 1.43236 1.02390
698.24500 562.52100 455.44600 370.75000 303.43600 249.63300 206.37500 171.39100 142.93900 119.67600 100.55700 84.77080 71.67680 60.77040 47.65810 34.71790 25.46390 18.77830 13.90800 10.33620 7.70272 5.75288 4.30433 3.22529
312.27200 237.45700 181.66400 139.87000 108.37100 84.47230 66.21720 52.18150 41.32170 32.86830 26.25010 21.04050 16.91900 13.64300 9.92317 6.53370 4.32573 2.87485 1.91556 1.27859 0.85443 0.57145 0.38242 0.25603
263.79600 209.67400 167.40200 134.31700 108.31200 87.76670 71.44490 58.40720 47.93690 39.48550 32.63070 27.04570 22.47620 18.72310 14.29060 10.02900 7.07777 5.01708 3.56892 2.54605 1.82065 1.30455 0.93638 0.67316
583.12600 472.48100 384.73900 315.01000 259.34700 214.66800 178.59300 149.29300 125.35900 105.69700 89.45990 75.98180 64.73980 55.31980 43.90450 32.50250 24.22470 18.14790 13.64760 10.29200 7.77709 5.88507 4.45772 3.37876
493.06500 388.30800 307.56600 245.07600 196.43000 158.31600 128.26100 104.41200 85.37600 70.09780 57.77140 47.77800 39.63870 32.98100 25.15200 17.65940 12.48710 8.87865 6.33988 4.54175 3.26161 2.34666 1.69077 1.21954
352.85700 281.25500 225.32600 181.52200 147.05000 119.76800 98.04650 80.64760 66.63010 55.27380 46.02490 38.45470 32.22980 27.08900 20.97220 15.02210 10.83750 7.86419 5.73385 4.19701 3.08214 2.26967 1.67532 1.23915
562.46100 445.72100 355.27000 284.95800 229.99800 186.76200 152.52300 125.23000 103.33600 85.66450 71.31730 59.60270 49.98580 42.05040 32.60760 23.40440 16.90480 12.26270 8.91993 6.49906 4.73937 3.45739 2.52230 1.83987
647.88000 502.52100 391.97400 307.58200 242.78800 192.72200 153.78700 123.31800 99.33130 80.34210 65.22950 53.14240 43.43010 35.59250 26.52860 18.05720 12.37140 8.51842 5.88769 4.08113 2.83513 1.97292 1.37478 0.95905
347.03600 264.72100 203.06100 156.67100 121.56500 94.82830 74.33920 58.54360 46.29810 36.75500 29.28180 23.40280 18.75840 15.07510 10.90770 7.13388 4.69501 3.10507 2.06139 1.37260 0.91612 0.61261 0.41030 0.27516
370.29500 288.94000 226.63000 178.73800 141.73200 112.96400 90.46520 72.76630 58.76610 47.63440 38.74100 31.60410 25.85320 21.20170 15.81080 10.76300 7.37242 5.07522 3.50795 2.43266 1.69157 1.17893 0.82324 0.57584
142.94900 108.03700 82.13620 62.84210 48.38440 37.47940 29.19860 22.86840 17.99800 14.22740 11.29120 8.99210 7.18289 5.75273 4.14010 2.68602 1.75126 1.14573 0.75137 0.49359 0.32465 0.21375 0.14084 0.09286
407.85400 325.41500 260.98200 210.48300 170.70900 139.20000 114.08800 93.95280 77.71390 64.54400 53.80640 45.00770 37.76370 31.77340 24.63330 17.66950 12.75650 9.25526 6.74043 4.92306 3.60360 2.64225 1.93994 1.42581
396.64900 323.97200 265.59100 218.67300 180.85500 150.24600 125.35200 105.00500 88.28980 74.49000 63.04290 53.50470 45.52360 38.81960 30.67980 22.54460 16.65190 12.34870 9.18631 6.85086 5.11942 3.83187 2.87206 2.15513
462.84600 372.84000 301.82000 245.63600 200.97700 165.27600 136.56500 113.34200 94.45280 79.00750 66.31610 55.83970 47.15470 39.92610 31.24580 22.69760 16.60260 12.21360 9.02672 6.69698 4.98424 3.71930 2.78153 2.08415
135.24700 107.10200 85.26920 68.29700 55.04060 44.62290 36.37960 29.80920 24.53380 20.26810 16.79600 13.95310 11.61310 9.67879 7.37596 5.13999 3.57941 2.48721 1.72266 1.18826 0.81568 0.55680 0.37761 0.25415
294.68200 237.06000 191.63600 155.73900 127.24000 104.48900 86.22150 71.46940 59.48950 49.70900 41.68370 35.06740 29.58830 25.03210 19.56590 14.18830 10.35770 7.60192 5.60342 4.14466 3.07431 2.28565 1.70258 1.27030
272.38400 218.21400 175.60300 142.03000 115.47200 94.35620 77.47310 63.89690 52.91770 43.98950 36.69050 30.69370 25.74390 21.64090 16.73800 11.94440 8.55944 6.15094 4.42804 3.19108 2.30085 1.65917 1.19624 0.86210
283.63100 217.21300 167.18600 129.37700 100.65600 78.71050 61.84280 48.80330 38.66780 30.74900 24.53240 19.63050 15.74950 12.66560 9.16923 5.99627 3.94294 2.60404 1.72580 1.14700 0.76413 0.51009 0.34110 0.22845
333.68700 267.84900 216.15900 175.44800 143.22100 117.55700 96.99390 80.41800 66.97680 56.01580 47.02880 39.62260 33.48930 28.38710 22.25920 16.21570 11.89350 8.76875 6.49029 4.81782 3.58392 2.67012 1.99144 1.48633
390.80000 302.98200 236.02400 184.82700 145.49200 115.10400 91.49100 73.03830 58.53900 47.08700 37.99770 30.75140 24.95040 20.28920 14.93180 9.97617 6.69788 4.51365 3.05047 2.06628 1.40220 0.95300 0.64856 0.44189
668.19500 535.66500 431.63000 349.73300 284.94100 233.38100 192.10100 158.85400 131.92400 109.99100 92.03790 77.27130 65.07130 54.94940 42.83880 30.96710 22.54260 16.50230 12.13450 8.95466 6.62691 4.91555 3.65299 2.71897
607.52300 471.42500 367.83700 288.65100 227.75900 180.63400 143.93300 115.18000 92.53110 74.59900 60.33600 48.94320 39.80750 32.45540 23.98990 16.13750 10.92210 7.42891 5.07302 3.47531 2.38693 1.64284 1.13268 0.78207
385.56400 303.16200 239.65200 190.55000 152.39400 122.56600 99.10230 80.52790 65.73290 53.87780 44.32430 36.58440 30.28290 25.12940 19.07050 13.27710 9.28807 6.51901 4.58556 3.23007 2.27711 1.60592 1.13263 0.79864
569.96700 455.35200 365.70400 295.40000 240.00200 196.09600 161.08200 132.98200 110.28800 91.84730 76.77390 64.38380 54.14620 45.64690 35.46450 25.46300 18.35550 13.26270 9.59306 6.93945 5.01660 3.62193 2.61020 1.87661
227.19200 180.72200 144.52400 116.24700 94.04930 76.52090 62.59320 51.45660 42.49560 35.24120 29.33390 24.49680 20.51560 17.22350 13.29880 9.47072 6.77260 4.85523 3.48506 2.50239 1.79614 1.28802 0.92234 0.65926
285.45300 219.98800 170.45900 132.84700 104.12700 82.05870 64.99530 51.72130 41.33530 33.16470 26.70410 21.57150 17.47580 14.19430 10.43430 6.96784 4.68046 3.15815 2.13832 1.45167 0.98758 0.67298 0.45923 0.31374
215.03900 165.50500 128.08800 99.71290 78.07360 61.46770 48.64370 38.67960 30.89220 24.77220 19.93750 16.09970 13.03930 10.58880 7.78254 5.19683 3.49129 2.35638 1.59603 1.08398 0.73777 0.50299 0.34339 0.23470
