0.325     4.491         0.700517
0.375     4.416         0.647785
0.425     4.349         0.628334
0.475     4.137         0.411428
0.525     4.237         0.401513
0.575     4.181         0.4211
0.625     3.909         0.368962
0.675     3.825         0.331789
0.725     3.757         0.302828
0.775     3.608         0.278987
0.825     3.537         0.257329
0.875     3.401         0.236516
0.925     3.275         0.221822
0.975     3.145         0.214767
1.05     2.904         0.186593
1.15     2.676         0.170836
1.25     2.392         0.15199
1.35     2.15         0.13808
1.45     1.862         0.125929
1.55     1.571         0.0979847
1.65     1.353         0.0977446
1.75     1.161         0.0817435
1.85     1.006         0.0822253
1.95     0.8521         0.0711115
