2.64640 2.54153 2.42851 2.30942 2.18624 2.06085 1.93492 1.80993 1.68713 1.56756 1.45205 1.34122 1.23554 1.13530 0.99552 0.82905 0.68472 0.56115 0.45654 0.36889 0.29614 0.23630 0.18748 0.14795
1.64260 1.59823 1.54921 1.49614 1.43963 1.38031 1.31879 1.25569 1.19160 1.12708 1.06266 0.99880 0.93594 0.87446 0.78551 0.67433 0.57292 0.48203 0.40185 0.33214 0.27232 0.22160 0.17908 0.14377
0.32482 0.31042 0.29498 0.27880 0.26213 0.24524 0.22833 0.21161 0.19525 0.17939 0.16415 0.14960 0.13584 0.12289 0.10506 0.08427 0.06679 0.05235 0.04062 0.03122 0.02380 0.01800 0.01352 0.01009
0.60006 0.58178 0.56197 0.54092 0.51894 0.49629 0.47322 0.44995 0.42667 0.40354 0.38071 0.35830 0.33641 0.31512 0.28447 0.24627 0.21135 0.17986 0.15183 0.12716 0.10569 0.08722 0.07147 0.05818
0.33054 0.31884 0.30616 0.29270 0.27862 0.26408 0.24922 0.23421 0.21916 0.20422 0.18950 0.17512 0.16117 0.14773 0.12871 0.10571 0.08561 0.06843 0.05404 0.04221 0.03263 0.02500 0.01898 0.01431
0.29392 0.28219 0.26961 0.25641 0.24277 0.22887 0.21488 0.20092 0.18714 0.17363 0.16049 0.14780 0.13564 0.12405 0.10782 0.08846 0.07173 0.05755 0.04572 0.03601 0.02813 0.02182 0.01681 0.01288
0.63763 0.61911 0.59860 0.57635 0.55260 0.52763 0.50169 0.47508 0.44804 0.42086 0.39377 0.36701 0.34078 0.31527 0.27868 0.23363 0.19341 0.15825 0.12810 0.10268 0.08157 0.06427 0.05027 0.03905
1.34623 1.29479 1.23853 1.17834 1.11515 1.04988 0.98345 0.91670 0.85042 0.78530 0.72197 0.66091 0.60254 0.54718 0.47021 0.37950 0.30237 0.23812 0.18554 0.14320 0.10956 0.08317 0.06270 0.04696
0.30291 0.29404 0.28433 0.27389 0.26284 0.25131 0.23938 0.22718 0.21480 0.20236 0.18995 0.17766 0.16557 0.15377 0.13676 0.11565 0.09661 0.07979 0.06520 0.05278 0.04234 0.03370 0.02663 0.02091
0.53270 0.51375 0.49321 0.47140 0.44862 0.42516 0.40128 0.37723 0.35325 0.32953 0.30626 0.28360 0.26170 0.24066 0.21091 0.17494 0.14341 0.11629 0.09336 0.07428 0.05861 0.04590 0.03570 0.02760
1.01027 0.97280 0.93148 0.88693 0.83981 0.79082 0.74066 0.69001 0.63952 0.58976 0.54125 0.49442 0.44964 0.40717 0.34822 0.27897 0.22044 0.17204 0.13278 0.10146 0.07684 0.05773 0.04306 0.03191
0.45600 0.44186 0.42674 0.41087 0.39443 0.37756 0.36041 0.34306 0.32563 0.30820 0.29086 0.27370 0.25680 0.24025 0.21623 0.18607 0.15842 0.13354 0.11154 0.09239 0.07594 0.06200 0.05031 0.04059
0.15396 0.14712 0.13973 0.13195 0.12389 0.11568 0.10744 0.09927 0.09126 0.08349 0.07603 0.06893 0.06221 0.05592 0.04730 0.03734 0.02907 0.02234 0.01697 0.01275 0.00949 0.00700 0.00513 0.00373
1.18588 1.14657 1.10317 1.05629 1.00658 0.95470 0.90132 0.84710 0.79267 0.73860 0.68542 0.63358 0.58347 0.53539 0.46759 0.38605 0.31504 0.25442 0.20353 0.16144 0.12707 0.09934 0.07718 0.05963
1.20099 1.16964 1.13537 1.09859 1.05974 1.01920 0.97734 0.93451 0.89104 0.84721 0.80332 0.75963 0.71636 0.67375 0.61147 0.53236 0.45872 0.39130 0.33050 0.27648 0.22913 0.18815 0.15310 0.12347
0.55105 0.53279 0.51313 0.49238 0.47083 0.44874 0.42633 0.40380 0.38132 0.35903 0.33705 0.31550 0.29446 0.27401 0.24459 0.20800 0.17471 0.14490 0.11863 0.09583 0.07634 0.05992 0.04627 0.03509
3.93385 3.83183 3.71943 3.59806 3.46916 3.33420 3.19458 3.05167 2.90676 2.76103 2.61557 2.47135 2.32925 2.19002 1.98795 1.73374 1.49950 1.28682 1.09627 0.92758 0.77986 0.65178 0.54175 0.44799
1.48489 1.43740 1.38563 1.33032 1.27218 1.21191 1.15015 1.08752 1.02461 0.96194 0.89999 0.83919 0.77992 0.72251 0.64047 0.53971 0.44969 0.37074 0.30267 0.24486 0.19645 0.15639 0.12363 0.09710
2.77548 2.67659 2.56732 2.44927 2.32422 2.19401 2.06051 1.92554 1.79080 1.65783 1.52798 1.40241 1.28204 1.16757 1.00803 0.81931 0.65817 0.52324 0.41213 0.32194 0.24965 0.19231 0.14727 0.11219
0.77926 0.74895 0.71597 0.68085 0.64416 0.60643 0.56819 0.52990 0.49199 0.45485 0.41880 0.38410 0.35095 0.31952 0.27582 0.22421 0.18015 0.14324 0.11280 0.08807 0.06822 0.05247 0.04009 0.03046
0.32860 0.31614 0.30242 0.28767 0.27210 0.25593 0.23941 0.22275 0.20616 0.18983 0.17394 0.15861 0.14397 0.13010 0.11089 0.08839 0.06944 0.05385 0.04127 0.03129 0.02350 0.01750 0.01293 0.00949
1.13007 1.10461 1.07682 1.04703 1.01553 0.98257 0.94838 0.91318 0.87716 0.84051 0.80342 0.76608 0.72866 0.69134 0.63594 0.56401 0.49537 0.43097 0.37154 0.31751 0.26908 0.22622 0.18876 0.15635
0.42858 0.42173 0.41379 0.40475 0.39465 0.38353 0.37145 0.35851 0.34481 0.33046 0.31560 0.30036 0.28486 0.26925 0.24588 0.21540 0.18641 0.15948 0.13498 0.11311 0.09391 0.07731 0.06315 0.05120
2.38019 2.33921 2.29288 2.24152 2.18548 2.12519 2.06110 1.99373 1.92358 1.85119 1.77707 1.70173 1.62566 1.54934 1.43529 1.28607 1.14248 1.00659 0.87990 0.76339 0.65758 0.56259 0.47821 0.40398
0.27473 0.26670 0.25805 0.24887 0.23924 0.22925 0.21895 0.20840 0.19766 0.18679 0.17587 0.16495 0.15411 0.14342 0.12781 0.10812 0.09008 0.07394 0.05983 0.04775 0.03760 0.02922 0.02241 0.01696
2.75362 2.65329 2.54387 2.42709 2.30471 2.17847 2.05001 1.92087 1.79248 1.66608 1.54275 1.42340 1.30877 1.19942 1.04619 0.86314 0.70468 0.56986 0.45690 0.36350 0.28717 0.22543 0.17596 0.13662
2.69688 2.59725 2.48967 2.37602 2.25815 2.13775 2.01638 1.89539 1.77596 1.65908 1.54554 1.43595 1.33079 1.23040 1.08921 0.91896 0.76913 0.63888 0.52689 0.43158 0.35125 0.28414 0.22854 0.18285
0.27541 0.26472 0.25310 0.24073 0.22779 0.21446 0.20093 0.18734 0.17386 0.16061 0.14771 0.13526 0.12335 0.11203 0.09627 0.07765 0.06178 0.04855 0.03771 0.02900 0.02209 0.01668 0.01250 0.00930
0.89509 0.86580 0.83406 0.80036 0.76516 0.72887 0.69189 0.65458 0.61725 0.58020 0.54366 0.50787 0.47302 0.43927 0.39101 0.33159 0.27825 0.23117 0.19026 0.15521 0.12559 0.10085 0.08041 0.06369
0.34283 0.32888 0.31384 0.29796 0.28147 0.26462 0.24761 0.23063 0.21386 0.19744 0.18153 0.16621 0.15159 0.13772 0.11846 0.09574 0.07641 0.06027 0.04705 0.03638 0.02789 0.02122 0.01603 0.01203
0.56064 0.53698 0.51146 0.48456 0.45672 0.42837 0.39991 0.37167 0.34396 0.31704 0.29109 0.26628 0.24273 0.22051 0.18978 0.15371 0.12308 0.09750 0.07648 0.05944 0.04580 0.03502 0.02658 0.02004
2.05200 1.97081 1.88362 1.79205 1.69763 1.60177 1.50571 1.41054 1.31716 1.22631 1.13856 1.05436 0.97402 0.89775 0.79121 0.66391 0.55300 0.45747 0.37602 0.30723 0.24960 0.20171 0.16221 0.12985
1.45924 1.41363 1.36391 1.31079 1.25498 1.19714 1.13791 1.07788 1.01760 0.95756 0.89821 0.83994 0.78309 0.72796 0.64900 0.55162 0.46406 0.38667 0.31930 0.26147 0.21247 0.17141 0.13737 0.10943
0.44450 0.43128 0.41679 0.40120 0.38470 0.36747 0.34969 0.33153 0.31314 0.29468 0.27630 0.25813 0.24029 0.22290 0.19784 0.16676 0.13874 0.11399 0.09254 0.07429 0.05900 0.04638 0.03611 0.02785
0.35494 0.34409 0.33243 0.32016 0.30742 0.29436 0.28111 0.26775 0.25437 0.24104 0.22782 0.21478 0.20196 0.18940 0.17116 0.14813 0.12680 0.10736 0.08991 0.07447 0.06101 0.04943 0.03960 0.03136
0.47039 0.45588 0.44019 0.42357 0.40627 0.38851 0.37049 0.35239 0.33434 0.31648 0.29891 0.28171 0.26496 0.24870 0.22532 0.19619 0.16953 0.14537 0.12372 0.10451 0.08764 0.07295 0.06029 0.04947
0.50384 0.49268 0.47992 0.46563 0.44990 0.43287 0.41469 0.39555 0.37567 0.35525 0.33451 0.31368 0.29296 0.27254 0.24282 0.20559 0.17181 0.14187 0.11589 0.09375 0.07518 0.05982 0.04726 0.03711
0.31818 0.30906 0.29917 0.28863 0.27752 0.26595 0.25400 0.24173 0.22924 0.21660 0.20391 0.19124 0.17869 0.16635 0.14838 0.12582 0.10522 0.08687 0.07087 0.05717 0.04566 0.03612 0.02834 0.02206
0.13982 0.13493 0.12970 0.12423 0.11856 0.11275 0.10685 0.10089 0.09493 0.08899 0.08311 0.07734 0.07170 0.06624 0.05842 0.04882 0.04028 0.03284 0.02650 0.02117 0.01677 0.01318 0.01029 0.00799
2.54725 2.46336 2.37179 2.27391 2.17109 2.06470 1.95600 1.84619 1.73638 1.62754 1.52053 1.41609 1.31485 1.21730 1.07875 0.90986 0.75996 0.62905 0.51636 0.42060 0.34017 0.27333 0.21830 0.17340
4.52245 4.34313 4.14823 3.94108 3.72502 3.50330 3.27902 3.05502 2.83383 2.61766 2.40835 2.20741 2.01598 1.83490 1.58382 1.28837 1.03698 0.82677 0.65360 0.51277 0.39954 0.30940 0.23827 0.18257
1.08968 1.05777 1.02250 0.98429 0.94360 0.90091 0.85670 0.81145 0.76561 0.71964 0.67394 0.62888 0.58480 0.54198 0.48063 0.40514 0.33762 0.27842 0.22739 0.18408 0.14783 0.11784 0.09332 0.07345
1.38800 1.34974 1.30762 1.26217 1.21388 1.16328 1.11088 1.05718 1.00264 0.94773 0.89287 0.83846 0.78486 0.73238 0.65640 0.56135 0.47465 0.39703 0.32872 0.26956 0.21905 0.17648 0.14105 0.11187
2.10660 2.03737 1.96242 1.88296 1.80014 1.71503 1.62862 1.54177 1.45524 1.36969 1.28569 1.20371 1.12413 1.04725 0.93756 0.80261 0.68122 0.57350 0.47911 0.39734 0.32728 0.26784 0.21788 0.17624
5.04570 4.85293 4.64255 4.41801 4.18287 3.94063 3.69467 3.44813 3.20388 2.96442 2.73188 2.50801 2.29418 2.09142 1.80947 1.47645 1.19196 0.95319 0.75578 0.59471 0.46476 0.36099 0.27883 0.21431
1.79608 1.71150 1.62167 1.52847 1.43366 1.33876 1.24508 1.15370 1.06544 0.98093 0.90058 0.82469 0.75336 0.68664 0.59507 0.48820 0.39743 0.32112 0.25758 0.20517 0.16233 0.12761 0.09971 0.07746
1.89657 1.85311 1.80374 1.74880 1.68878 1.62425 1.55589 1.48442 1.41060 1.33523 1.25905 1.18279 1.10714 1.03270 0.92446 0.78876 0.66507 0.55474 0.45815 0.37497 0.30439 0.24525 0.19628 0.15613
0.49058 0.47138 0.45073 0.42898 0.40646 0.38347 0.36030 0.33718 0.31434 0.29196 0.27020 0.24921 0.22907 0.20989 0.18303 0.15093 0.12313 0.09945 0.07960 0.06319 0.04979 0.03896 0.03030 0.02344
0.68746 0.67007 0.65088 0.63010 0.60799 0.58478 0.56072 0.53602 0.51090 0.48558 0.46023 0.43504 0.41015 0.38570 0.35011 0.30519 0.26365 0.22586 0.19195 0.16193 0.13567 0.11293 0.09344 0.07689
3.46715 3.31696 3.15473 2.98344 2.80605 2.62537 2.44401 2.26429 2.08825 1.91758 1.75367 1.59755 1.45001 1.31154 1.12138 0.90054 0.71540 0.56282 0.43892 0.33959 0.26087 0.19911 0.15108 0.11403
0.97837 0.93947 0.89777 0.85401 0.80895 0.76322 0.71741 0.67202 0.62746 0.58407 0.54212 0.50181 0.46329 0.42666 0.37538 0.31392 0.26023 0.21392 0.17444 0.14115 0.11338 0.09044 0.07168 0.05646
0.18234 0.17682 0.17072 0.16413 0.15711 0.14974 0.14211 0.13429 0.12636 0.11839 0.11046 0.10264 0.09499 0.08755 0.07692 0.06388 0.05232 0.04229 0.03377 0.02667 0.02085 0.01615 0.01240 0.00945
2.31416 2.22190 2.12267 2.01831 1.91058 1.80112 1.69138 1.58263 1.47592 1.37213 1.27192 1.17580 1.08414 0.99717 0.87579 0.73096 0.60503 0.49688 0.40501 0.32780 0.26353 0.21053 0.16720 0.13206
0.31170 0.30055 0.28840 0.27543 0.26183 0.24779 0.23347 0.21904 0.20465 0.19044 0.17652 0.16300 0.14997 0.13749 0.11991 0.09880 0.08043 0.06474 0.05158 0.04070 0.03184 0.02472 0.01905 0.01458
0.30186 0.28765 0.27234 0.25625 0.23964 0.22280 0.20598 0.18938 0.17321 0.15763 0.14275 0.12868 0.11549 0.10321 0.08653 0.06752 0.05196 0.03949 0.02967 0.02207 0.01626 0.01188 0.00862 0.00621
0.21633 0.20676 0.19650 0.18574 0.17464 0.16339 0.15213 0.14100 0.13010 0.11955 0.10940 0.09973 0.09058 0.08198 0.07013 0.05633 0.04472 0.03512 0.02730 0.02104 0.01608 0.01220 0.00919 0.00688
0.26613 0.25964 0.25217 0.24376 0.23448 0.22442 0.21368 0.20240 0.19072 0.17878 0.16674 0.15473 0.14289 0.13132 0.11472 0.09438 0.07641 0.06098 0.04803 0.03738 0.02879 0.02196 0.01661 0.01246
0.56768 0.55465 0.54019 0.52443 0.50747 0.48940 0.47036 0.45045 0.42983 0.40864 0.38705 0.36523 0.34336 0.32159 0.28951 0.24855 0.21049 0.17599 0.14539 0.11878 0.09604 0.07691 0.06104 0.04805
1.66014 1.63445 1.60460 1.57062 1.53265 1.49092 1.44575 1.39752 1.34665 1.29360 1.23886 1.18290 1.12618 1.06915 0.98393 0.87280 0.76671 0.66742 0.57612 0.49344 0.41959 0.35443 0.29756 0.24841
1.72036 1.65083 1.57599 1.49722 1.41583 1.33307 1.25004 1.16771 1.08692 1.00834 0.93251 0.85984 0.79063 0.72508 0.63385 0.52553 0.43198 0.35225 0.28509 0.22912 0.18293 0.14516 0.11452 0.08988
2.22333 2.15672 2.08390 2.00592 1.92383 1.83862 1.75127 1.66265 1.57360 1.48485 1.39705 1.31077 1.22651 1.14467 1.02719 0.88166 0.74992 0.63245 0.52912 0.43935 0.36224 0.29671 0.24153 0.19549
0.24912 0.24048 0.23103 0.22090 0.21022 0.19912 0.18774 0.17621 0.16464 0.15315 0.14184 0.13081 0.12013 0.10987 0.09539 0.07797 0.06282 0.04995 0.03922 0.03045 0.02339 0.01779 0.01341 0.01003
2.86604 2.77480 2.67604 2.57135 2.46223 2.35008 2.23616 2.12161 2.00739 1.89436 1.78324 1.67461 1.56898 1.46672 1.32035 1.13935 0.97540 0.82872 0.69900 0.58552 0.48723 0.40292 0.33122 0.27076
1.77920 1.71987 1.65559 1.58739 1.51627 1.44320 1.36903 1.29455 1.22043 1.14728 1.07558 1.00574 0.93810 0.87292 0.78016 0.66648 0.56461 0.47448 0.39569 0.32755 0.26923 0.21979 0.17827 0.14369
0.72351 0.69133 0.65707 0.62139 0.58495 0.54828 0.51188 0.47615 0.44142 0.40793 0.37589 0.34540 0.31656 0.28941 0.25187 0.20763 0.16971 0.13758 0.11067 0.08836 0.07004 0.05516 0.04316 0.03358
0.56322 0.53631 0.50774 0.47810 0.44795 0.41776 0.38796 0.35888 0.33080 0.30390 0.27833 0.25419 0.23152 0.21033 0.18130 0.14752 0.11899 0.09516 0.07549 0.05943 0.04644 0.03603 0.02778 0.02128
2.31767 2.25614 2.18837 2.11516 2.03737 1.95581 1.87132 1.78469 1.69669 1.60806 1.51947 1.43155 1.34487 1.25993 1.13674 0.98213 0.84037 0.71257 0.59911 0.49977 0.41387 0.34042 0.27827 0.22616
0.38673 0.36721 0.34659 0.32532 0.30379 0.28236 0.26132 0.24089 0.22126 0.20255 0.18484 0.16818 0.15260 0.13810 0.11832 0.09546 0.07630 0.06044 0.04746 0.03696 0.02856 0.02190 0.01668 0.01263
0.27610 0.26663 0.25643 0.24565 0.23442 0.22289 0.21115 0.19932 0.18747 0.17571 0.16409 0.15268 0.14156 0.13077 0.11531 0.09627 0.07920 0.06422 0.05131 0.04041 0.03135 0.02395 0.01800 0.01329
0.90708 0.88209 0.85483 0.82567 0.79498 0.76310 0.73036 0.69705 0.66344 0.62978 0.59629 0.56316 0.53056 0.49864 0.45233 0.39405 0.34028 0.29140 0.24757 0.20875 0.17479 0.14539 0.12019 0.09879
1.71870 1.65976 1.59571 1.52757 1.45634 1.38296 1.30833 1.23326 1.15847 1.08461 1.01223 0.94179 0.87369 0.80822 0.71546 0.60271 0.50289 0.41587 0.34107 0.27758 0.22431 0.18006 0.14367 0.11399
0.33168 0.31823 0.30368 0.28827 0.27224 0.25581 0.23919 0.22257 0.20615 0.19007 0.17446 0.15946 0.14513 0.13157 0.11274 0.09061 0.07185 0.05628 0.04359 0.03343 0.02540 0.01914 0.01432 0.01064
0.95310 0.92809 0.90081 0.87166 0.84102 0.80925 0.77670 0.74368 0.71045 0.67727 0.64435 0.61186 0.57995 0.54876 0.50352 0.44647 0.39353 0.34491 0.30067 0.26076 0.22504 0.19332 0.16534 0.14083
0.82797 0.80690 0.78382 0.75903 0.73281 0.70542 0.67711 0.64813 0.61869 0.58900 0.55925 0.52963 0.50029 0.47138 0.42913 0.37544 0.32543 0.27959 0.23819 0.20131 0.16887 0.14067 0.11641 0.09575
1.03832 1.01094 0.98006 0.94597 0.90903 0.86965 0.82830 0.78545 0.74161 0.69727 0.65287 0.60887 0.56563 0.52350 0.46300 0.38845 0.32185 0.26362 0.21368 0.17154 0.13652 0.10780 0.08451 0.06582
1.34990 1.30695 1.26037 1.21090 1.15923 1.10604 1.05193 0.99744 0.94307 0.88923 0.83628 0.78452 0.73422 0.68556 0.61602 0.53027 0.45291 0.38403 0.32343 0.27067 0.22519 0.18635 0.15343 0.12574
0.38671 0.37375 0.35987 0.34528 0.33019 0.31478 0.29920 0.28358 0.26802 0.25261 0.23744 0.22255 0.20802 0.19388 0.17351 0.14810 0.12489 0.10402 0.08555 0.06943 0.05559 0.04388 0.03409 0.02604
0.91084 0.88142 0.84965 0.81606 0.78115 0.74538 0.70916 0.67284 0.63673 0.60107 0.56608 0.53193 0.49876 0.46665 0.42070 0.36381 0.31215 0.26576 0.22457 0.18838 0.15690 0.12979 0.10666 0.08710
0.26236 0.24794 0.23277 0.21719 0.20153 0.18604 0.17094 0.15640 0.14254 0.12945 0.11717 0.10572 0.09511 0.08532 0.07212 0.05709 0.04472 0.03466 0.02660 0.02021 0.01521 0.01135 0.00840 0.00616
0.29727 0.28669 0.27548 0.26381 0.25182 0.23961 0.22727 0.21484 0.20237 0.18991 0.17750 0.16517 0.15299 0.14100 0.12350 0.10137 0.08099 0.06269 0.04667 0.03301 0.02167 0.01251 0.00531 -0.00015
0.22106 0.21508 0.20865 0.20185 0.19474 0.18738 0.17981 0.17206 0.16416 0.15615 0.14807 0.13996 0.13185 0.12380 0.11193 0.09669 0.08242 0.06934 0.05761 0.04729 0.03837 0.03079 0.02445 0.01921
0.37848 0.36129 0.34272 0.32311 0.30280 0.28212 0.26136 0.24080 0.22069 0.20122 0.18257 0.16486 0.14820 0.13263 0.11143 0.08713 0.06717 0.05110 0.03842 0.02858 0.02106 0.01538 0.01114 0.00801
2.45568 2.40205 2.34257 2.27786 2.20861 2.13551 2.05923 1.98046 1.89984 1.81798 1.73546 1.65280 1.57049 1.48896 1.36895 1.21493 1.06960 0.93443 0.81035 0.69783 0.59691 0.50733 0.42859 0.35999
0.18086 0.17337 0.16531 0.15681 0.14800 0.13900 0.12991 0.12085 0.11190 0.10314 0.09465 0.08647 0.07867 0.07128 0.06101 0.04892 0.03868 0.03017 0.02325 0.01772 0.01336 0.00999 0.00740 0.00543
0.58019 0.55785 0.53342 0.50731 0.47994 0.45170 0.42300 0.39421 0.36568 0.33769 0.31050 0.28433 0.25934 0.23566 0.20277 0.16402 0.13106 0.10357 0.08102 0.06280 0.04827 0.03683 0.02790 0.02101
0.16131 0.15524 0.14866 0.14166 0.13435 0.12683 0.11918 0.11150 0.10385 0.09632 0.08897 0.08185 0.07500 0.06846 0.05929 0.04835 0.03891 0.03094 0.02432 0.01893 0.01459 0.01115 0.00845 0.00636
2.85642 2.75855 2.65150 2.53689 2.41636 2.29155 2.16404 2.03533 1.90678 1.77964 1.65500 1.53379 1.41677 1.30457 1.14629 0.95542 0.78831 0.64450 0.52258 0.42056 0.33617 0.26707 0.21100 0.16588
0.31457 0.30450 0.29328 0.28104 0.26792 0.25409 0.23973 0.22500 0.21010 0.19520 0.18045 0.16601 0.15201 0.13856 0.11958 0.09685 0.07725 0.06076 0.04718 0.03623 0.02753 0.02072 0.01547 0.01147
0.59935 0.58034 0.55984 0.53816 0.51559 0.49238 0.46874 0.44488 0.42095 0.39711 0.37348 0.35020 0.32736 0.30507 0.27284 0.23252 0.19565 0.16254 0.13332 0.10796 0.08630 0.06808 0.05297 0.04063
0.98212 0.96103 0.93766 0.91223 0.88498 0.85615 0.82597 0.79466 0.76246 0.72959 0.69625 0.66266 0.62901 0.59549 0.54584 0.48163 0.42067 0.36379 0.31158 0.26435 0.22224 0.18518 0.15296 0.12525
0.41629 0.39842 0.37905 0.35853 0.33721 0.31541 0.29345 0.27163 0.25018 0.22933 0.20926 0.19011 0.17199 0.15496 0.13157 0.10445 0.08182 0.06331 0.04844 0.03668 0.02752 0.02048 0.01512 0.01109
2.29839 2.24084 2.17722 2.10827 2.03473 1.95735 1.87691 1.79413 1.70975 1.62446 1.53890 1.45367 1.36933 1.28637 1.16545 1.01265 0.87140 0.74303 0.62814 0.52675 0.43839 0.36229 0.29743 0.24269
0.24904 0.24109 0.23232 0.22284 0.21275 0.20219 0.19125 0.18008 0.16879 0.15749 0.14630 0.13531 0.12462 0.11429 0.09964 0.08189 0.06636 0.05307 0.04195 0.03279 0.02539 0.01948 0.01482 0.01120
2.25422 2.16949 2.07743 1.97962 1.87759 1.77283 1.66675 1.56061 1.45555 1.35253 1.25239 1.15577 1.06319 0.97505 0.85171 0.70444 0.57680 0.46791 0.37633 0.30028 0.23785 0.18713 0.14632 0.11376
2.29714 2.21898 2.13391 2.04325 1.94830 1.85033 1.75051 1.64993 1.54959 1.45037 1.35302 1.25821 1.16647 1.07824 0.95322 0.80131 0.66699 0.55013 0.44995 0.36516 0.29425 0.23557 0.18747 0.14838
1.67480 1.62978 1.58038 1.52723 1.47098 1.41225 1.35162 1.28967 1.22692 1.16386 1.10094 1.03856 0.97709 0.91684 0.82937 0.71930 0.61791 0.52597 0.44383 0.37140 0.30835 0.25409 0.20789 0.16894
0.15411 0.15000 0.14546 0.14054 0.13529 0.12977 0.12403 0.11811 0.11207 0.10596 0.09983 0.09373 0.08769 0.08176 0.07315 0.06235 0.05249 0.04369 0.03597 0.02932 0.02368 0.01897 0.01508 0.01190
1.35155 1.30518 1.25492 1.20155 1.14585 1.08854 1.03028 0.97167 0.91326 0.85554 0.79892 0.74375 0.69034 0.63893 0.56597 0.47710 0.39825 0.32942 0.27019 0.21989 0.17767 0.14262 0.11380 0.09031
0.18467 0.17878 0.17246 0.16577 0.15881 0.15164 0.14431 0.13689 0.12943 0.12197 0.11456 0.10724 0.10005 0.09304 0.08292 0.07034 0.05894 0.04882 0.04001 0.03247 0.02612 0.02083 0.01649 0.01297
4.42063 4.27936 4.12512 3.96022 3.78697 3.60761 3.42426 3.23893 3.05341 2.86934 2.68812 2.51097 2.33892 2.17280 1.93613 1.64618 1.38709 1.15905 0.96102 0.79111 0.64691 0.52574 0.42483 0.34148
1.82876 1.78449 1.73607 1.68408 1.62906 1.57150 1.51186 1.45057 1.38801 1.32456 1.26058 1.19641 1.13237 1.06876 0.97483 0.85374 0.73912 0.63249 0.53492 0.44707 0.36916 0.30106 0.24236 0.19243
2.06245 2.00515 1.94271 1.87602 1.80591 1.73320 1.65862 1.58284 1.50648 1.43009 1.35415 1.27909 1.20529 1.13308 1.02834 0.89653 0.77485 0.66408 0.56457 0.47626 0.39878 0.33155 0.27378 0.22461
0.50421 0.49559 0.48545 0.47378 0.46060 0.44599 0.43005 0.41292 0.39477 0.37581 0.35623 0.33624 0.31607 0.29590 0.26607 0.22791 0.19250 0.16050 0.13224 0.10777 0.08697 0.06955 0.05517 0.04344
3.91465 3.78714 3.64617 3.49365 3.33166 3.16241 2.98808 2.81085 2.63279 2.45579 2.28158 2.11164 1.94722 1.78937 1.56654 1.29805 1.06369 0.86296 0.69383 0.55335 0.43811 0.34460 0.26945 0.20958
0.49825 0.48140 0.46314 0.44375 0.42348 0.40258 0.38127 0.35975 0.33820 0.31681 0.29572 0.27507 0.25498 0.23556 0.20788 0.17400 0.14387 0.11759 0.09507 0.07610 0.06034 0.04744 0.03699 0.02864
1.11759 1.07684 1.03282 0.98626 0.93785 0.88824 0.83803 0.78773 0.73782 0.68871 0.64074 0.59420 0.54934 0.50633 0.44562 0.37219 0.30761 0.25173 0.20411 0.16407 0.13084 0.10356 0.08141 0.06359
1.25481 1.21623 1.17457 1.13050 1.08465 1.03758 0.98979 0.94174 0.89379 0.84627 0.79945 0.75356 0.70878 0.66528 0.60267 0.52459 0.45312 0.38849 0.33068 0.27954 0.23476 0.19592 0.16254 0.13409
1.51751 1.47326 1.42549 1.37493 1.32230 1.26821 1.21322 1.15779 1.10234 1.04720 0.99267 0.93899 0.88636 0.83495 0.76043 0.66650 0.57938 0.49951 0.42711 0.36219 0.30462 0.25410 0.21022 0.17246
0.62327 0.59983 0.57407 0.54638 0.51718 0.48692 0.45602 0.42490 0.39395 0.36351 0.33387 0.30530 0.27800 0.25212 0.21618 0.17392 0.13811 0.10840 0.08418 0.06474 0.04937 0.03736 0.02807 0.02097
2.54965 2.47346 2.38923 2.29804 2.20106 2.09948 1.99452 1.88735 1.77913 1.67092 1.56369 1.45831 1.35553 1.25599 1.11387 0.93966 0.78442 0.64855 0.53153 0.43215 0.34879 0.27964 0.22286 0.17663
0.77870 0.75020 0.71940 0.68681 0.65295 0.61827 0.58322 0.54819 0.51350 0.47946 0.44628 0.41418 0.38331 0.35378 0.31217 0.26194 0.21778 0.17950 0.14674 0.11905 0.09590 0.07673 0.06101 0.04823
0.35915 0.34807 0.33597 0.32300 0.30930 0.29502 0.28028 0.26522 0.24998 0.23467 0.21943 0.20438 0.18961 0.17524 0.15460 0.12917 0.10644 0.08659 0.06961 0.05534 0.04356 0.03397 0.02627 0.02015
1.11650 1.06647 1.01300 0.95716 0.89991 0.84216 0.78467 0.72811 0.67304 0.61989 0.56899 0.52058 0.47484 0.43185 0.37262 0.30331 0.24451 0.19534 0.15476 0.12166 0.09494 0.07360 0.05670 0.04344
1.31445 1.28717 1.25691 1.22398 1.18869 1.15135 1.11228 1.07179 1.03018 0.98776 0.94480 0.90159 0.85837 0.81539 0.75184 0.66981 0.59201 0.51934 0.45242 0.39156 0.33684 0.28814 0.24521 0.20769
0.77205 0.74171 0.70912 0.67484 0.63943 0.60337 0.56713 0.53108 0.49556 0.46087 0.42723 0.39483 0.36381 0.33429 0.29294 0.24346 0.20040 0.16349 0.13226 0.10618 0.08463 0.06702 0.05275 0.04129
0.38853 0.38343 0.37710 0.36945 0.36047 0.35019 0.33866 0.32601 0.31236 0.29788 0.28275 0.26716 0.25130 0.23534 0.21158 0.18101 0.15254 0.12676 0.10399 0.08433 0.06766 0.05376 0.04234 0.03308
0.43145 0.41902 0.40549 0.39105 0.37590 0.36023 0.34420 0.32798 0.31170 0.29549 0.27944 0.26366 0.24822 0.23318 0.21148 0.18436 0.15949 0.13697 0.11682 0.09898 0.08335 0.06978 0.05811 0.04815
0.33485 0.32425 0.31257 0.29996 0.28657 0.27257 0.25812 0.24337 0.22849 0.21363 0.19892 0.18449 0.17046 0.15691 0.13765 0.11426 0.09368 0.07594 0.06094 0.04845 0.03820 0.02989 0.02323 0.01794
1.03949 1.00705 0.97194 0.93474 0.89597 0.85612 0.81566 0.77495 0.73436 0.69416 0.65459 0.61586 0.57813 0.54153 0.48897 0.42366 0.36412 0.31049 0.26275 0.22070 0.18407 0.15246 0.12546 0.10258
0.55195 0.53268 0.51189 0.48991 0.46707 0.44366 0.41993 0.39611 0.37241 0.34900 0.32603 0.30363 0.28191 0.26095 0.23111 0.19456 0.16195 0.13332 0.10860 0.08757 0.06993 0.05533 0.04339 0.03374
5.09052 4.90824 4.70961 4.49782 4.27602 4.04734 3.81471 3.58087 3.34831 3.11922 2.89549 2.67870 2.47013 2.27078 1.99058 1.65421 1.36104 1.10972 0.89736 0.72020 0.57407 0.45474 0.35818 0.28067
1.07334 1.02434 0.97189 0.91703 0.86075 0.80393 0.74736 0.69175 0.63764 0.58549 0.53565 0.48837 0.44382 0.40209 0.34486 0.27836 0.22245 0.17614 0.13829 0.10772 0.08331 0.06399 0.04886 0.03709
2.78994 2.69234 2.58544 2.47089 2.35041 2.22570 2.09843 1.97016 1.84232 1.71620 1.59289 1.47332 1.35824 1.24824 1.09365 0.90817 0.74667 0.60837 0.49163 0.39434 0.31415 0.24873 0.19582 0.15338
0.58824 0.56946 0.54885 0.52669 0.50326 0.47885 0.45374 0.42821 0.40251 0.37689 0.35157 0.32674 0.30259 0.27926 0.24605 0.20556 0.16973 0.13866 0.11216 0.08991 0.07149 0.05643 0.04424 0.03448
0.94818 0.91652 0.88224 0.84587 0.80794 0.76891 0.72923 0.68928 0.64941 0.60993 0.57109 0.53313 0.49623 0.46054 0.40957 0.34686 0.29054 0.24076 0.19741 0.16020 0.12868 0.10233 0.08055 0.06275
0.64238 0.62004 0.59581 0.57008 0.54322 0.51559 0.48751 0.45927 0.43114 0.40335 0.37611 0.34959 0.32393 0.29926 0.26427 0.22172 0.18405 0.15126 0.12315 0.09938 0.07954 0.06317 0.04981 0.03902
1.93608 1.87287 1.80479 1.73298 1.65854 1.58245 1.50557 1.42866 1.35234 1.27714 1.20347 1.13167 1.06201 0.99467 0.89837 0.77920 0.67091 0.57355 0.48687 0.41045 0.34372 0.28597 0.23643 0.19429
1.46746 1.41723 1.36260 1.30442 1.24351 1.18066 1.11661 1.05205 0.98760 0.92383 0.86122 0.80019 0.74111 0.68426 0.60365 0.50566 0.41905 0.34381 0.27945 0.22517 0.17999 0.14281 0.11255 0.08814
2.09867 2.03505 1.96472 1.88862 1.80772 1.72304 1.63559 1.54639 1.45640 1.36652 1.27755 1.19024 1.10520 1.02295 0.90575 0.76246 0.63518 0.52413 0.42877 0.34801 0.28045 0.22456 0.17875 0.14154
0.37857 0.36458 0.34953 0.33364 0.31715 0.30025 0.28312 0.26592 0.24881 0.23192 0.21537 0.19926 0.18369 0.16873 0.14757 0.12199 0.09956 0.08029 0.06402 0.05053 0.03950 0.03060 0.02352 0.01794
2.60726 2.51809 2.42075 2.31675 2.20763 2.09490 1.97998 1.86421 1.74881 1.63484 1.52324 1.41477 1.31008 1.20967 1.06784 0.89630 0.74534 0.61453 0.50271 0.40829 0.32940 0.26413 0.21061 0.16708
1.55655 1.53571 1.51132 1.48336 1.45192 1.41712 1.37919 1.33839 1.29504 1.24948 1.20210 1.15327 1.10336 1.05275 0.97628 0.87499 0.77652 0.68268 0.59484 0.51393 0.44045 0.37460 0.31629 0.26522
0.43328 0.41216 0.38950 0.36577 0.34140 0.31677 0.29227 0.26820 0.24483 0.22238 0.20103 0.18090 0.16207 0.14460 0.12094 0.09406 0.07215 0.05465 0.04092 0.03032 0.02226 0.01620 0.01170 0.00839
0.35247 0.33774 0.32197 0.30545 0.28844 0.27115 0.25381 0.23658 0.21962 0.20306 0.18701 0.17157 0.15681 0.14278 0.12321 0.09997 0.07999 0.06314 0.04920 0.03784 0.02875 0.02157 0.01599 0.01170
1.84202 1.76409 1.68023 1.59200 1.50094 1.40844 1.31580 1.22411 1.13433 1.04723 0.96341 0.88334 0.80736 0.73567 0.63644 0.51965 0.41998 0.33621 0.26676 0.20989 0.16387 0.12702 0.09781 0.07485
0.49637 0.47997 0.46239 0.44392 0.42477 0.40515 0.38523 0.36515 0.34505 0.32503 0.30521 0.28569 0.26656 0.24792 0.22104 0.18757 0.15719 0.13014 0.10650 0.08619 0.06901 0.05469 0.04292 0.03336
0.49179 0.47162 0.44980 0.42670 0.40270 0.37816 0.35341 0.32874 0.30443 0.28070 0.25775 0.23574 0.21478 0.19496 0.16751 0.13526 0.10790 0.08512 0.06647 0.05143 0.03946 0.03004 0.02272 0.01707
2.00570 1.93713 1.86251 1.78304 1.69989 1.61419 1.52701 1.43933 1.35202 1.26584 1.18145 1.09939 1.02011 0.94395 0.83611 0.70511 0.58912 0.48795 0.40088 0.32686 0.26463 0.21285 0.17017 0.13530
0.19383 0.18772 0.18112 0.17411 0.16678 0.15922 0.15151 0.14370 0.13586 0.12804 0.12029 0.11267 0.10520 0.09793 0.08747 0.07447 0.06269 0.05222 0.04305 0.03517 0.02847 0.02286 0.01822 0.01443
0.94721 0.92111 0.89220 0.86077 0.82717 0.79175 0.75486 0.71688 0.67817 0.63909 0.60001 0.56124 0.52309 0.48583 0.43210 0.36546 0.30539 0.25239 0.20648 0.16737 0.13453 0.10731 0.08501 0.06692
0.26444 0.25856 0.25202 0.24486 0.23715 0.22896 0.22034 0.21137 0.20211 0.19265 0.18304 0.17336 0.16367 0.15405 0.13988 0.12172 0.10473 0.08915 0.07512 0.06271 0.05189 0.04258 0.03468 0.02804
0.71609 0.69748 0.67715 0.65534 0.63227 0.60815 0.58317 0.55753 0.53139 0.50492 0.47830 0.45169 0.42523 0.39909 0.36077 0.31198 0.26658 0.22517 0.18808 0.15542 0.12712 0.10296 0.08260 0.06566
0.69523 0.67565 0.65408 0.63077 0.60601 0.58007 0.55321 0.52572 0.49785 0.46984 0.44192 0.41430 0.38718 0.36071 0.32254 0.27509 0.23210 0.19386 0.16042 0.13160 0.10710 0.08652 0.06943 0.05537
0.46879 0.45172 0.43336 0.41400 0.39388 0.37325 0.35231 0.33125 0.31025 0.28946 0.26902 0.24906 0.22971 0.21105 0.18457 0.15236 0.12399 0.09950 0.07880 0.06160 0.04756 0.03628 0.02734 0.02035
0.32859 0.31716 0.30481 0.29174 0.27814 0.26417 0.25001 0.23577 0.22160 0.20758 0.19383 0.18041 0.16741 0.15487 0.13703 0.11524 0.09585 0.07891 0.06433 0.05197 0.04163 0.03310 0.02612 0.02048
1.18515 1.16224 1.13559 1.10525 1.07140 1.03430 0.99432 0.95187 0.90743 0.86150 0.81459 0.76721 0.71983 0.67289 0.60413 0.51723 0.43744 0.36587 0.30295 0.24858 0.20230 0.16343 0.13115 0.10463
0.57631 0.54987 0.52142 0.49151 0.46067 0.42941 0.39818 0.36738 0.33736 0.30839 0.28070 0.25446 0.22977 0.20671 0.17524 0.13900 0.10894 0.08445 0.06482 0.04930 0.03719 0.02784 0.02070 0.01529
0.64414 0.61678 0.58703 0.55540 0.52245 0.48868 0.45460 0.42066 0.38729 0.35482 0.32356 0.29374 0.26553 0.23905 0.20273 0.16072 0.12576 0.09725 0.07440 0.05638 0.04235 0.03157 0.02336 0.01718
1.64858 1.59000 1.52538 1.45564 1.38181 1.30490 1.22598 1.14608 1.06617 0.98713 0.90978 0.83478 0.76271 0.69403 0.59805 0.48422 0.38687 0.30538 0.23844 0.18435 0.14127 0.10740 0.08106 0.06079
0.17514 0.16780 0.15985 0.15145 0.14273 0.13382 0.12484 0.11591 0.10712 0.09855 0.09029 0.08238 0.07486 0.06777 0.05799 0.04654 0.03689 0.02891 0.02241 0.01721 0.01310 0.00989 0.00741 0.00552
0.41303 0.40442 0.39469 0.38393 0.37221 0.35963 0.34631 0.33236 0.31790 0.30306 0.28796 0.27272 0.25745 0.24226 0.21985 0.19112 0.16420 0.13949 0.11724 0.09754 0.08038 0.06563 0.05312 0.04264
2.03528 1.96676 1.89165 1.81104 1.72607 1.63786 1.54752 1.45610 1.36460 1.27390 1.18480 1.09799 1.01404 0.93343 0.81955 0.68199 0.56145 0.45772 0.36984 0.29644 0.23588 0.18645 0.14650 0.11448
0.32683 0.31898 0.31018 0.30049 0.28999 0.27879 0.26699 0.25470 0.24204 0.22912 0.21607 0.20300 0.19001 0.17720 0.15854 0.13506 0.11358 0.09438 0.07755 0.06307 0.05081 0.04058 0.03216 0.02530
0.39749 0.38355 0.36849 0.35257 0.33601 0.31899 0.30171 0.28431 0.26694 0.24972 0.23275 0.21613 0.19994 0.18425 0.16181 0.13418 0.10941 0.08765 0.06891 0.05307 0.03994 0.02925 0.02071 0.01402
0.75754 0.72962 0.69888 0.66576 0.63076 0.59439 0.55717 0.51959 0.48212 0.44518 0.40915 0.37434 0.34102 0.30939 0.26539 0.21357 0.16960 0.13308 0.10331 0.07942 0.06053 0.04578 0.03438 0.02566
2.48313 2.40979 2.32643 2.23392 2.13339 2.02623 1.91399 1.79826 1.68069 1.56284 1.44613 1.33185 1.22110 1.11477 0.96506 0.78592 0.63149 0.50135 0.39378 0.30636 0.23633 0.18092 0.13757 0.10397
4.46615 4.27654 4.07215 3.85678 3.63410 3.40757 3.18037 2.95530 2.73477 2.52079 2.31496 2.11853 1.93238 1.75710 1.51522 1.23202 0.99197 0.79162 0.62664 0.49241 0.38433 0.29813 0.22998 0.17649
1.48007 1.44597 1.40834 1.36757 1.32406 1.27821 1.23040 1.18101 1.13040 1.07892 1.02690 0.97468 0.92254 0.87078 0.79442 0.69622 0.60358 0.51770 0.43936 0.36899 0.30668 0.25225 0.20530 0.16529
0.21163 0.20515 0.19781 0.18970 0.18091 0.17154 0.16173 0.15160 0.14131 0.13098 0.12075 0.11073 0.10102 0.09172 0.07865 0.06310 0.04982 0.03878 0.02980 0.02264 0.01702 0.01268 0.00937 0.00688
0.90976 0.87116 0.82934 0.78503 0.73898 0.69190 0.64447 0.59730 0.55094 0.50585 0.46241 0.42093 0.38164 0.34471 0.29391 0.23486 0.18541 0.14477 0.11192 0.08576 0.06518 0.04918 0.03687 0.02748
0.41555 0.39439 0.37201 0.34889 0.32546 0.30211 0.27915 0.25686 0.23542 0.21499 0.19567 0.17751 0.16054 0.14478 0.12333 0.09866 0.07812 0.06125 0.04757 0.03662 0.02795 0.02116 0.01591 0.01187
1.01728 0.98614 0.95257 0.91711 0.88028 0.84254 0.80431 0.76594 0.72773 0.68995 0.65280 0.61644 0.58103 0.54666 0.49727 0.43573 0.37936 0.32826 0.28238 0.24155 0.20553 0.17400 0.14661 0.12299
0.50423 0.49027 0.47479 0.45798 0.44003 0.42113 0.40147 0.38126 0.36070 0.33996 0.31924 0.29869 0.27847 0.25871 0.23019 0.19475 0.16271 0.13436 0.10974 0.08872 0.07105 0.05640 0.04441 0.03472
1.78618 1.72989 1.66838 1.60256 1.53333 1.46156 1.38808 1.31368 1.23908 1.16491 1.09175 1.02010 0.95036 0.88290 0.78655 0.66815 0.56203 0.46842 0.38702 0.31718 0.25797 0.20833 0.16714 0.13328
1.91230 1.83845 1.75867 1.67440 1.58701 1.49779 1.40794 1.31849 1.23036 1.14428 1.06089 0.98064 0.90390 0.83093 0.72886 0.60686 0.50074 0.40969 0.33254 0.26791 0.21434 0.17037 0.13460 0.10575
2.24085 2.16960 2.09277 2.01164 1.92740 1.84112 1.75377 1.66617 1.57901 1.49288 1.40826 1.32554 1.24504 1.16699 1.05495 0.91561 0.78833 0.67335 0.57057 0.47965 0.40005 0.33103 0.27175 0.22131
0.35825 0.34496 0.33048 0.31502 0.29883 0.28212 0.26509 0.24795 0.23089 0.21406 0.19762 0.18169 0.16637 0.15176 0.13128 0.10688 0.08587 0.06816 0.05350 0.04156 0.03199 0.02441 0.01849 0.01391
1.24200 1.20325 1.16075 1.11508 1.06682 1.01656 0.96486 0.91227 0.85931 0.80646 0.75416 0.70279 0.65270 0.60419 0.53491 0.44995 0.37422 0.30798 0.25102 0.20277 0.16246 0.12920 0.10204 0.08010
1.41378 1.36622 1.31496 1.26087 1.20473 1.14730 1.08922 1.03104 0.97326 0.91628 0.86043 0.80599 0.75317 0.70216 0.62930 0.53947 0.45836 0.38605 0.32236 0.26693 0.21922 0.17861 0.14438 0.11582
2.64911 2.54355 2.42949 2.30896 2.18393 2.05628 1.92773 1.79982 1.67389 1.55108 1.43232 1.31833 1.20967 1.10672 0.96350 0.79385 0.64801 0.52449 0.42124 0.33592 0.26614 0.20959 0.16416 0.12793
0.20934 0.20111 0.19218 0.18269 0.17278 0.16260 0.15226 0.14189 0.13160 0.12150 0.11167 0.10218 0.09311 0.08450 0.07253 0.05840 0.04640 0.03642 0.02827 0.02172 0.01654 0.01250 0.00937 0.00698
0.15201 0.14653 0.14052 0.13408 0.12729 0.12025 0.11303 0.10573 0.09843 0.09120 0.08412 0.07723 0.07060 0.06427 0.05539 0.04482 0.03574 0.02813 0.02188 0.01683 0.01282 0.00968 0.00725 0.00539
1.75498 1.69599 1.63207 1.56427 1.49357 1.42091 1.34714 1.27304 1.19927 1.12644 1.05504 0.98550 0.91815 0.85328 0.76104 0.64824 0.54750 0.45877 0.38159 0.31522 0.25872 0.21108 0.17126 0.13825
0.73466 0.69833 0.66002 0.62056 0.58073 0.54117 0.50245 0.46497 0.42905 0.39490 0.36266 0.33239 0.30409 0.27772 0.24167 0.19970 0.16401 0.13386 0.10856 0.08748 0.07005 0.05574 0.04409 0.03467
0.63446 0.60532 0.57439 0.54230 0.50965 0.47697 0.44468 0.41316 0.38267 0.35343 0.32558 0.29920 0.27435 0.25103 0.21890 0.18114 0.14880 0.12136 0.09829 0.07906 0.06318 0.05016 0.03959 0.03107
0.15422 0.14753 0.14028 0.13260 0.12462 0.11646 0.10823 0.10006 0.09202 0.08421 0.07669 0.06952 0.06273 0.05637 0.04764 0.03756 0.02919 0.02239 0.01697 0.01273 0.00945 0.00695 0.00508 0.00368
0.72267 0.69812 0.67154 0.64333 0.61388 0.58353 0.55262 0.52143 0.49024 0.45931 0.42886 0.39908 0.37015 0.34223 0.30248 0.25393 0.21082 0.17325 0.14103 0.11382 0.09113 0.07245 0.05723 0.04494
1.11591 1.07991 1.04114 1.00024 0.95781 0.91439 0.87045 0.82640 0.78259 0.73931 0.69680 0.65526 0.61485 0.57569 0.51952 0.44980 0.38629 0.32912 0.27825 0.23347 0.19447 0.16084 0.13211 0.10780
2.03650 1.98653 1.93057 1.86916 1.80294 1.73260 1.65890 1.58260 1.50449 1.42532 1.34581 1.26664 1.18840 1.11165 1.00031 0.86082 0.73337 0.61905 0.51815 0.43034 0.35488 0.29075 0.23681 0.19183
0.11313 0.10971 0.10602 0.10209 0.09797 0.09367 0.08925 0.08471 0.08008 0.07541 0.07072 0.06604 0.06140 0.05685 0.05024 0.04198 0.03451 0.02792 0.02224 0.01746 0.01352 0.01033 0.00778 0.00578
0.34781 0.33383 0.31863 0.30245 0.28556 0.26820 0.25062 0.23303 0.21564 0.19863 0.18214 0.16630 0.15121 0.13694 0.11718 0.09401 0.07443 0.05822 0.04503 0.03449 0.02617 0.01970 0.01471 0.01092
1.01618 0.98041 0.94153 0.90016 0.85691 0.81237 0.76709 0.72158 0.67629 0.63162 0.58791 0.54547 0.50452 0.46525 0.40981 0.34277 0.28382 0.23283 0.18934 0.15275 0.12231 0.09727 0.07687 0.06040
0.20714 0.20283 0.19791 0.19241 0.18635 0.17978 0.17276 0.16536 0.15763 0.14967 0.14154 0.13333 0.12510 0.11694 0.10495 0.08972 0.07567 0.06302 0.05188 0.04225 0.03407 0.02722 0.02158 0.01697
0.53758 0.51135 0.48361 0.45499 0.42602 0.39719 0.36889 0.34142 0.31503 0.28987 0.26604 0.24361 0.22258 0.20295 0.17605 0.14466 0.11796 0.09546 0.07666 0.06110 0.04834 0.03798 0.02964 0.02298
0.75302 0.73204 0.70887 0.68379 0.65710 0.62908 0.60003 0.57027 0.54006 0.50968 0.47939 0.44943 0.41999 0.39128 0.34990 0.29849 0.25198 0.21067 0.17456 0.14347 0.11705 0.09484 0.07638 0.06116
0.90489 0.87757 0.84777 0.81590 0.78237 0.74756 0.71184 0.67555 0.63901 0.60250 0.56629 0.53060 0.49566 0.46163 0.41264 0.35178 0.29661 0.24746 0.20437 0.16716 0.13547 0.10882 0.08667 0.06847
1.25993 1.20991 1.15591 1.09887 1.03974 0.97940 0.91864 0.85819 0.79866 0.74057 0.68436 0.63034 0.57878 0.52985 0.46165 0.38059 0.31065 0.25121 0.20139 0.16015 0.12640 0.09907 0.07716 0.05973
0.37387 0.35585 0.33651 0.31622 0.29535 0.27427 0.25328 0.23267 0.21266 0.19343 0.17514 0.15789 0.14175 0.12675 0.10642 0.08325 0.06428 0.04903 0.03699 0.02763 0.02045 0.01500 0.01092 0.00790
1.86046 1.80173 1.73834 1.67129 1.60151 1.52982 1.45696 1.38358 1.31022 1.23737 1.16543 1.09475 1.02563 0.95833 0.86126 0.73995 0.62884 0.52852 0.43923 0.36084 0.29295 0.23490 0.18590 0.14505
1.44615 1.40067 1.35104 1.29796 1.24212 1.18420 1.12485 1.06466 1.00420 0.94397 0.88443 0.82599 0.76901 0.71378 0.63478 0.53754 0.45037 0.37357 0.30698 0.25007 0.20208 0.16208 0.12910 0.10218
1.39813 1.36731 1.33339 1.29674 1.25777 1.21683 1.17429 1.13047 1.08568 1.04023 0.99438 0.94839 0.90248 0.85688 0.78947 0.70237 0.61949 0.54176 0.46984 0.40415 0.34487 0.29200 0.24534 0.20458
0.64817 0.61884 0.58746 0.55464 0.52099 0.48704 0.45326 0.42005 0.38773 0.35657 0.32676 0.29845 0.27172 0.24663 0.21210 0.17176 0.13763 0.10917 0.08578 0.06679 0.05157 0.03951 0.03005 0.02270
0.48424 0.46940 0.45339 0.43645 0.41882 0.40068 0.38222 0.36360 0.34495 0.32638 0.30801 0.28994 0.27223 0.25498 0.23006 0.19892 0.17043 0.14474 0.12190 0.10187 0.08452 0.06965 0.05704 0.04644
0.60486 0.59522 0.58418 0.57179 0.55810 0.54319 0.52716 0.51012 0.49222 0.47358 0.45435 0.43467 0.41470 0.39456 0.36436 0.32471 0.28654 0.25051 0.21710 0.18660 0.15916 0.13478 0.11337 0.09477
0.73948 0.71905 0.69703 0.67374 0.64946 0.62443 0.59887 0.57293 0.54677 0.52053 0.49432 0.46825 0.44243 0.41696 0.37962 0.33189 0.28708 0.24568 0.20803 0.17430 0.14451 0.11857 0.09625 0.07729
0.48681 0.46804 0.44760 0.42584 0.40309 0.37970 0.35598 0.33222 0.30869 0.28563 0.26323 0.24165 0.22101 0.20142 0.17412 0.14179 0.11410 0.09081 0.07155 0.05585 0.04323 0.03321 0.02533 0.01919
0.25649 0.25199 0.24690 0.24124 0.23505 0.22837 0.22124 0.21372 0.20586 0.19771 0.18934 0.18080 0.17217 0.16348 0.15049 0.13350 0.11721 0.10190 0.08777 0.07493 0.06344 0.05329 0.04444 0.03680
0.34515 0.33135 0.31634 0.30036 0.28367 0.26649 0.24907 0.23161 0.21432 0.19738 0.18093 0.16512 0.15003 0.13575 0.11598 0.09279 0.07322 0.05706 0.04395 0.03351 0.02532 0.01897 0.01410 0.01041
0.19985 0.19275 0.18513 0.17712 0.16884 0.16037 0.15182 0.14324 0.13470 0.12626 0.11796 0.10985 0.10195 0.09430 0.08336 0.06987 0.05776 0.04708 0.03784 0.02998 0.02340 0.01799 0.01361 0.01012
0.44887 0.42945 0.40841 0.38614 0.36302 0.33942 0.31569 0.29213 0.26901 0.24657 0.22499 0.20442 0.18496 0.16670 0.14162 0.11254 0.08826 0.06838 0.05239 0.03973 0.02985 0.02223 0.01643 0.01205
0.48270 0.46793 0.45203 0.43527 0.41788 0.40005 0.38196 0.36376 0.34559 0.32755 0.30974 0.29223 0.27510 0.25840 0.23428 0.20404 0.17622 0.15096 0.12830 0.10823 0.09064 0.07540 0.06232 0.05120
1.12485 1.09522 1.06298 1.02858 0.99244 0.95496 0.91649 0.87738 0.83790 0.79832 0.75888 0.71978 0.68120 0.64332 0.58810 0.51806 0.45278 0.39276 0.33823 0.28929 0.24583 0.20762 0.17434 0.14561
1.07319 1.03531 0.99371 0.94905 0.90198 0.85320 0.80336 0.75309 0.70297 0.65352 0.60519 0.55835 0.51331 0.47030 0.40998 0.33785 0.27534 0.22215 0.17758 0.14076 0.11071 0.08647 0.06710 0.05177
0.51384 0.48605 0.45690 0.42709 0.39722 0.36781 0.33927 0.31192 0.28596 0.26152 0.23867 0.21741 0.19772 0.17953 0.15489 0.12655 0.10274 0.08284 0.06631 0.05269 0.04155 0.03252 0.02527 0.01950
0.13151 0.12701 0.12225 0.11732 0.11228 0.10718 0.10207 0.09697 0.09192 0.08693 0.08201 0.07719 0.07248 0.06788 0.06123 0.05291 0.04525 0.03832 0.03215 0.02673 0.02203 0.01801 0.01462 0.01178
0.75118 0.72401 0.69433 0.66260 0.62929 0.59483 0.55969 0.52427 0.48896 0.45413 0.42007 0.38704 0.35528 0.32494 0.28240 0.23157 0.18763 0.15038 0.11932 0.09382 0.07316 0.05662 0.04352 0.03325
3.17946 3.07056 2.95177 2.82493 2.69185 2.55433 2.41407 2.27266 2.13155 1.99204 1.85528 1.72222 1.59368 1.47030 1.29594 1.08501 0.89955 0.73916 0.60245 0.48740 0.39167 0.31282 0.24845 0.19633
0.55388 0.53790 0.52034 0.50139 0.48126 0.46017 0.43833 0.41593 0.39318 0.37027 0.34740 0.32473 0.30244 0.28066 0.24923 0.21019 0.17494 0.14379 0.11680 0.09382 0.07458 0.05870 0.04576 0.03536
2.95337 2.88501 2.80942 2.72746 2.64000 2.54791 2.45207 2.35333 2.25250 2.15036 2.04764 1.94501 1.84307 1.74239 1.59479 1.40649 1.23019 1.06760 0.91970 0.78681 0.66877 0.56499 0.47461 0.39659
0.12869 0.12409 0.11916 0.11401 0.10869 0.10327 0.09779 0.09231 0.08685 0.08144 0.07612 0.07091 0.06584 0.06091 0.05384 0.04510 0.03721 0.03024 0.02419 0.01904 0.01472 0.01117 0.00830 0.00602
0.36442 0.35362 0.34209 0.33001 0.31754 0.30479 0.29190 0.27892 0.26594 0.25300 0.24017 0.22747 0.21496 0.20267 0.18472 0.16189 0.14053 0.12084 0.10294 0.08690 0.07271 0.06032 0.04962 0.04049
0.65629 0.63857 0.61938 0.59900 0.57766 0.55557 0.53292 0.50988 0.48658 0.46316 0.43974 0.41643 0.39333 0.37056 0.33718 0.29461 0.25474 0.21802 0.18472 0.15498 0.12879 0.10602 0.08649 0.06991
0.95882 0.92496 0.88842 0.84982 0.80975 0.76874 0.72730 0.68584 0.64476 0.60435 0.56489 0.52659 0.48962 0.45410 0.40376 0.34241 0.28779 0.23980 0.19816 0.16244 0.13213 0.10667 0.08551 0.06807
3.05664 2.97142 2.87862 2.77956 2.67550 2.56764 2.45709 2.34485 2.23185 2.11889 2.00669 1.89590 1.78707 1.68068 1.52655 1.33285 1.15430 0.99194 0.84613 0.71669 0.60304 0.50423 0.41913 0.34645
0.40167 0.38361 0.36433 0.34418 0.32351 0.30264 0.28184 0.26135 0.24137 0.22206 0.20355 0.18594 0.16928 0.15363 0.13207 0.10689 0.08561 0.06790 0.05337 0.04161 0.03219 0.02474 0.01889 0.01434
0.35727 0.34600 0.33339 0.31956 0.30470 0.28900 0.27266 0.25589 0.23891 0.22193 0.20514 0.18870 0.17277 0.15747 0.13592 0.11013 0.08791 0.06922 0.05384 0.04141 0.03154 0.02380 0.01781 0.01324
0.27779 0.27157 0.26449 0.25656 0.24785 0.23841 0.22833 0.21770 0.20663 0.19524 0.18364 0.17196 0.16031 0.14880 0.13201 0.11093 0.09178 0.07484 0.06020 0.04782 0.03754 0.02915 0.02240 0.01704
1.59589 1.54383 1.48758 1.42806 1.36609 1.30244 1.23780 1.17276 1.10787 1.04358 0.98029 0.91834 0.85801 0.79954 0.71576 0.61213 0.51840 0.43488 0.36148 0.29784 0.24333 0.19719 0.15854 0.12651
0.19814 0.19130 0.18368 0.17538 0.16652 0.15723 0.14764 0.13788 0.12808 0.11836 0.10884 0.09959 0.09071 0.08226 0.07046 0.05654 0.04471 0.03490 0.02692 0.02055 0.01553 0.01164 0.00866 0.00640
1.17339 1.11922 1.06140 1.00110 0.93941 0.87732 0.81571 0.75530 0.69668 0.64031 0.58653 0.53558 0.48761 0.44269 0.38104 0.30926 0.24866 0.19818 0.15665 0.12286 0.09566 0.07398 0.05685 0.04344
0.97592 0.95118 0.92375 0.89389 0.86191 0.82810 0.79277 0.75626 0.71886 0.68092 0.64275 0.60464 0.56688 0.52973 0.47566 0.40766 0.34535 0.28944 0.24017 0.19746 0.16099 0.13026 0.10465 0.08354
1.66230 1.59639 1.52495 1.44922 1.37042 1.28971 1.20818 1.12682 1.04651 0.96800 0.89193 0.81880 0.74901 0.68286 0.59085 0.48205 0.38895 0.31064 0.24580 0.19285 0.15013 0.11605 0.08913 0.06806
1.01790 0.98220 0.94366 0.90293 0.86061 0.81725 0.77336 0.72938 0.68571 0.64267 0.60057 0.55963 0.52004 0.48195 0.42790 0.36196 0.30325 0.25173 0.20715 0.16904 0.13686 0.10997 0.08774 0.06954
2.13197 2.07563 2.01376 1.94716 1.87660 1.80289 1.72678 1.64896 1.57013 1.49087 1.41177 1.33333 1.25599 1.18016 1.06998 0.93119 0.80311 0.68674 0.58249 0.49031 0.40977 0.34016 0.28062 0.23014
2.15884 2.07992 1.99397 1.90237 1.80649 1.70769 1.60725 1.50636 1.40611 1.30746 1.21122 1.11809 1.02862 0.94326 0.82356 0.68041 0.55630 0.45051 0.36171 0.28815 0.22792 0.17912 0.13995 0.10877
0.63156 0.60856 0.58367 0.55729 0.52981 0.50162 0.47304 0.44440 0.41596 0.38797 0.36063 0.33411 0.30855 0.28406 0.24952 0.20781 0.17120 0.13961 0.11275 0.09025 0.07164 0.05642 0.04412 0.03427
0.58333 0.56501 0.54516 0.52408 0.50207 0.47942 0.45638 0.43317 0.40999 0.38702 0.36440 0.34226 0.32070 0.29980 0.26984 0.23275 0.19911 0.16900 0.14239 0.11914 0.09904 0.08183 0.06722 0.05494
2.09303 2.05133 2.00365 1.95027 1.89156 1.82801 1.76019 1.68877 1.61445 1.53796 1.46004 1.38140 1.30272 1.22461 1.10975 0.96335 0.82723 0.70325 0.59235 0.49470 0.40992 0.33724 0.27563 0.22391
2.46904 2.37721 2.27733 2.17105 2.05999 1.94575 1.82983 1.71362 1.59835 1.48511 1.37484 1.26828 1.16607 1.06866 0.93226 0.76938 0.62833 0.50823 0.40748 0.32409 0.25587 0.20066 0.15640 0.12122
1.85943 1.79958 1.73285 1.66011 1.58232 1.50056 1.41594 1.32958 1.24257 1.15594 1.07062 0.98740 0.90699 0.82992 0.72152 0.59172 0.47947 0.38437 0.30521 0.24030 0.18777 0.14575 0.11245 0.08631
1.02360 0.99052 0.95492 0.91736 0.87833 0.83828 0.79758 0.75657 0.71553 0.67469 0.63427 0.59447 0.55544 0.51736 0.46228 0.39330 0.33008 0.27315 0.22274 0.17885 0.14127 0.10960 0.08333 0.06187
3.18668 3.13707 3.08025 3.01644 2.94602 2.86946 2.78733 2.70029 2.60904 2.51430 2.41682 2.31732 2.21651 2.11504 1.96298 1.76334 1.57067 1.38788 1.21708 1.05965 0.91634 0.78735 0.67244 0.57104
3.42865 3.27338 3.10725 2.93355 2.75539 2.57560 2.39670 2.22084 2.04978 1.88495 1.72743 1.57798 1.43711 1.30510 1.12386 0.91285 0.73482 0.58666 0.46482 0.36572 0.28587 0.22212 0.17164 0.13195
0.23536 0.22785 0.21973 0.21112 0.20214 0.19290 0.18348 0.17398 0.16447 0.15501 0.14567 0.13649 0.12752 0.11880 0.10626 0.09070 0.07658 0.06400 0.05295 0.04340 0.03526 0.02840 0.02269 0.01800
1.11127 1.08734 1.06083 1.03200 1.00116 0.96859 0.93459 0.89944 0.86343 0.82682 0.78986 0.75278 0.71580 0.67912 0.62503 0.55546 0.48968 0.42841 0.37210 0.32099 0.27511 0.23438 0.19854 0.16729
2.44371 2.39641 2.34224 2.28148 2.21451 2.14188 2.06424 1.98234 1.89697 1.80899 1.71922 1.62852 1.53765 1.44735 1.31439 1.14463 0.98649 0.84217 0.71274 0.59847 0.49891 0.41322 0.34023 0.27863
0.22106 0.21044 0.19918 0.18752 0.17566 0.16378 0.15204 0.14057 0.12948 0.11883 0.10870 0.09912 0.09011 0.08169 0.07015 0.05675 0.04547 0.03610 0.02843 0.02221 0.01722 0.01327 0.01015 0.00772
0.48963 0.47276 0.45434 0.43463 0.41390 0.39241 0.37041 0.34815 0.32587 0.30376 0.28202 0.26081 0.24028 0.22055 0.19266 0.15896 0.12951 0.10427 0.08304 0.06548 0.05117 0.03965 0.03050 0.02330
0.24458 0.23480 0.22417 0.21288 0.20110 0.18900 0.17674 0.16447 0.15232 0.14041 0.12884 0.11771 0.10708 0.09701 0.08303 0.06657 0.05263 0.04106 0.03165 0.02413 0.01821 0.01362 0.01009 0.00743
2.04090 1.96578 1.88436 1.79800 1.70802 1.61567 1.52210 1.42837 1.33541 1.24404 1.15495 1.06870 0.98577 0.90649 0.79500 0.66096 0.54386 0.44322 0.35799 0.28677 0.22796 0.17994 0.14111 0.11000
0.82605 0.80687 0.78587 0.76329 0.73938 0.71434 0.68838 0.66168 0.63442 0.60677 0.57888 0.55090 0.52297 0.49523 0.45426 0.40141 0.35134 0.30465 0.26179 0.22301 0.18838 0.15786 0.13125 0.10831
1.20116 1.14904 1.09261 1.03287 0.97084 0.90749 0.84373 0.78039 0.71823 0.65786 0.59982 0.54450 0.49223 0.44320 0.37599 0.29829 0.23366 0.18094 0.13867 0.10529 0.07928 0.05925 0.04398 0.03245
0.76730 0.74098 0.71255 0.68247 0.65119 0.61910 0.58658 0.55394 0.52147 0.48940 0.45796 0.42731 0.39760 0.36894 0.32813 0.27813 0.23340 0.19400 0.15980 0.13049 0.10570 0.08497 0.06782 0.05377
1.34975 1.29988 1.24536 1.18709 1.12594 1.06282 0.99859 0.93406 0.86996 0.80695 0.74557 0.68630 0.62949 0.57544 0.49994 0.41019 0.33293 0.26760 0.21318 0.16847 0.13217 0.10301 0.07981 0.06149
2.01677 1.95197 1.88100 1.80489 1.72467 1.64138 1.55603 1.46955 1.38285 1.29671 1.21185 1.12890 1.04839 0.97074 0.86038 0.72581 0.60643 0.50227 0.41271 0.33667 0.27286 0.21983 0.17615 0.14047
0.14566 0.14035 0.13481 0.12915 0.12342 0.11769 0.11198 0.10632 0.10071 0.09517 0.08971 0.08433 0.07904 0.07387 0.06635 0.05686 0.04811 0.04019 0.03316 0.02703 0.02179 0.01737 0.01370 0.01070
0.29907 0.28572 0.27154 0.25679 0.24172 0.22653 0.21142 0.19653 0.18199 0.16791 0.15438 0.14146 0.12920 0.11762 0.10159 0.08272 0.06662 0.05310 0.04193 0.03281 0.02546 0.01961 0.01499 0.01139
1.07924 1.04369 1.00439 0.96187 0.91673 0.86959 0.82107 0.77179 0.72232 0.67321 0.62491 0.57785 0.53238 0.48875 0.42726 0.35329 0.28883 0.23373 0.18739 0.14898 0.11754 0.09211 0.07172 0.05554
0.32580 0.31705 0.30733 0.29674 0.28538 0.27338 0.26087 0.24796 0.23479 0.22147 0.20813 0.19487 0.18179 0.16899 0.15048 0.12741 0.10652 0.08799 0.07188 0.05811 0.04652 0.03690 0.02903 0.02266
3.06582 2.96566 2.85674 2.74074 2.61930 2.49399 2.36628 2.23750 2.10888 1.98149 1.85625 1.73396 1.61530 1.50079 1.33773 1.13803 0.95959 0.80249 0.66602 0.54887 0.44938 0.36572 0.29600 0.23835
0.47921 0.46040 0.43997 0.41827 0.39564 0.37240 0.34886 0.32531 0.30200 0.27916 0.25698 0.23562 0.21521 0.19583 0.16886 0.13696 0.10971 0.08688 0.06807 0.05282 0.04062 0.03099 0.02347 0.01766
1.45293 1.40318 1.34866 1.29017 1.22854 1.16462 1.09922 1.03310 0.96699 0.90154 0.83732 0.77482 0.71446 0.65656 0.57488 0.47645 0.39041 0.31660 0.25429 0.20247 0.15993 0.12541 0.09769 0.07564
0.62263 0.61026 0.59644 0.58126 0.56478 0.54709 0.52828 0.50845 0.48772 0.46623 0.44413 0.42158 0.39874 0.37580 0.34155 0.29703 0.25483 0.21580 0.18049 0.14921 0.12198 0.09869 0.07905 0.06271
2.88984 2.75966 2.62047 2.47502 2.32591 2.17551 2.02590 1.87885 1.73582 1.59796 1.46615 1.34102 1.22297 1.11221 0.95990 0.78209 0.63152 0.50571 0.40185 0.31702 0.24842 0.19345 0.14978 0.11535
0.31220 0.30151 0.28980 0.27724 0.26399 0.25022 0.23610 0.22179 0.20744 0.19320 0.17918 0.16551 0.15227 0.13955 0.12158 0.09992 0.08103 0.06490 0.05140 0.04028 0.03126 0.02405 0.01836 0.01391
1.67961 1.60993 1.53466 1.45515 1.37273 1.28865 1.20405 1.11999 1.03735 0.95690 0.87928 0.80496 0.73433 0.66765 0.57536 0.46695 0.37483 0.29789 0.23457 0.18317 0.14195 0.10923 0.08353 0.06350
5.33463 5.15536 4.95872 4.74761 4.52503 4.29399 4.05745 3.81821 3.57889 3.34186 3.10919 2.88267 2.66381 2.45380 2.15730 1.79939 1.48577 1.21566 0.98648 0.79455 0.63566 0.50545 0.39969 0.31449
0.29038 0.28534 0.27953 0.27298 0.26569 0.25773 0.24915 0.24002 0.23042 0.22043 0.21015 0.19966 0.18905 0.17842 0.16259 0.14208 0.12271 0.10480 0.08859 0.07417 0.06154 0.05065 0.04137 0.03355
0.32937 0.32269 0.31491 0.30604 0.29612 0.28524 0.27349 0.26100 0.24792 0.23440 0.22059 0.20665 0.19274 0.17899 0.15892 0.13374 0.11090 0.09071 0.07327 0.05851 0.04625 0.03621 0.02811 0.02165
1.94676 1.86942 1.78539 1.69609 1.60296 1.50738 1.41067 1.31404 1.21857 1.12521 1.03475 0.94784 0.86498 0.78654 0.67770 0.54952 0.44046 0.34934 0.27444 0.21374 0.16516 0.12671 0.09659 0.07321
0.70334 0.67377 0.64164 0.60752 0.57197 0.53555 0.49877 0.46213 0.42605 0.39092 0.35704 0.32466 0.29398 0.26513 0.22547 0.17942 0.14095 0.10944 0.08408 0.06399 0.04829 0.03616 0.02689 0.01988
0.75897 0.73355 0.70609 0.67702 0.64677 0.61569 0.58414 0.55241 0.52077 0.48946 0.45867 0.42857 0.39933 0.37106 0.33069 0.28103 0.23646 0.19707 0.16276 0.13329 0.10829 0.08731 0.06991 0.05562
1.54972 1.48509 1.41497 1.34059 1.26319 1.18395 1.10402 1.02442 0.94608 0.86978 0.79619 0.72582 0.65907 0.59623 0.50965 0.40874 0.32394 0.25400 0.19724 0.15184 0.11597 0.08795 0.06628 0.04966
1.60118 1.53355 1.46119 1.38553 1.30789 1.22946 1.15128 1.07424 0.99906 0.92631 0.85642 0.78969 0.72633 0.66645 0.58327 0.48458 0.39928 0.32640 0.26480 0.21328 0.17060 0.13558 0.10710 0.08412
1.52161 1.46997 1.41386 1.35416 1.29170 1.22730 1.16172 1.09566 1.02974 0.96453 0.90052 0.83815 0.77775 0.71962 0.63716 0.53682 0.44793 0.37045 0.30388 0.24742 0.20008 0.16080 0.12850 0.10217
0.53416 0.51473 0.49333 0.47028 0.44594 0.42064 0.39476 0.36862 0.34254 0.31682 0.29171 0.26742 0.24413 0.22197 0.19109 0.15456 0.12339 0.09735 0.07599 0.05874 0.04501 0.03422 0.02583 0.01937
1.03837 1.01772 0.99421 0.96796 0.93917 0.90805 0.87488 0.83996 0.80361 0.76618 0.72801 0.68944 0.65078 0.61233 0.55567 0.48321 0.41559 0.35379 0.29834 0.24940 0.20682 0.17025 0.13921 0.11312
3.92185 3.78740 3.64058 3.48363 3.31887 3.14853 2.97477 2.79962 2.62489 2.45224 2.28307 2.11859 1.95979 1.80745 1.59232 1.33227 1.10377 0.90623 0.73792 0.59632 0.47857 0.38164 0.30259 0.23866
1.07841 1.02423 0.96715 0.90843 0.84921 0.79044 0.73294 0.67729 0.62397 0.57326 0.52535 0.48034 0.43822 0.39897 0.34527 0.28278 0.22977 0.18522 0.14813 0.11754 0.09257 0.07237 0.05619 0.04334
0.29057 0.28542 0.27940 0.27249 0.26473 0.25615 0.24682 0.23682 0.22627 0.21527 0.20395 0.19242 0.18080 0.16922 0.15212 0.13031 0.11012 0.09190 0.07584 0.06194 0.05012 0.04021 0.03202 0.02532
0.66319 0.64796 0.63098 0.61242 0.59245 0.57129 0.54913 0.52619 0.50265 0.47874 0.45463 0.43051 0.40653 0.38286 0.34819 0.30413 0.26313 0.22564 0.19189 0.16192 0.13565 0.11288 0.09335 0.07676
4.24686 4.08221 3.90408 3.71557 3.51971 3.31936 3.11719 2.91556 2.71657 2.52200 2.33331 2.15169 1.97806 1.81306 1.58270 1.30844 1.07136 0.86955 0.70008 0.55946 0.44405 0.35025 0.27469 0.21431
0.88961 0.86362 0.83489 0.80376 0.77060 0.73580 0.69974 0.66282 0.62541 0.58787 0.55054 0.51372 0.47768 0.44266 0.39246 0.33065 0.27534 0.22683 0.18502 0.14954 0.11986 0.09534 0.07531 0.05911
2.06596 2.01415 1.95687 1.89479 1.82858 1.75893 1.68653 1.61207 1.53620 1.45954 1.38270 1.30620 1.23054 1.15617 1.04788 0.91121 0.78504 0.67049 0.56805 0.47766 0.39888 0.33097 0.27301 0.22398
0.48530 0.46312 0.43931 0.41432 0.38860 0.36256 0.33658 0.31097 0.28601 0.26193 0.23889 0.21702 0.19643 0.17715 0.15076 0.12024 0.09477 0.07388 0.05701 0.04360 0.03305 0.02486 0.01857 0.01378
0.28561 0.28068 0.27491 0.26831 0.26090 0.25274 0.24388 0.23441 0.22441 0.21400 0.20328 0.19235 0.18134 0.17033 0.15402 0.13310 0.11357 0.09579 0.07992 0.06603 0.05407 0.04391 0.03540 0.02835
1.99816 1.94228 1.88143 1.81646 1.74819 1.67735 1.60466 1.53076 1.45624 1.38163 1.30741 1.23402 1.16183 1.09120 0.98879 0.86008 0.74153 0.63398 0.53773 0.45267 0.37838 0.31420 0.25928 0.21271
1.78626 1.72286 1.65386 1.58038 1.50352 1.42434 1.34384 1.26295 1.18251 1.10324 1.02578 0.95064 0.87825 0.80896 0.71132 0.59363 0.49051 0.40161 0.32605 0.26265 0.21006 0.16689 0.13179 0.10349
0.65790 0.63688 0.61429 0.59049 0.56583 0.54059 0.51504 0.48939 0.46385 0.43856 0.41367 0.38929 0.36551 0.34242 0.30923 0.26792 0.23024 0.19631 0.16614 0.13962 0.11657 0.09672 0.07980 0.06550
1.72204 1.65910 1.59094 1.51875 1.44368 1.36682 1.28917 1.21162 1.13494 1.05979 0.98670 0.91608 0.84827 0.78349 0.69234 0.58239 0.48568 0.40170 0.32965 0.26851 0.21718 0.17451 0.13936 0.11066
1.56970 1.51119 1.44742 1.37942 1.30823 1.23488 1.16033 1.08550 1.01121 0.93819 0.86706 0.79833 0.73243 0.66967 0.58192 0.47744 0.38735 0.31107 0.24749 0.19523 0.15283 0.11879 0.09175 0.07045
0.75631 0.72532 0.69152 0.65548 0.61778 0.57902 0.53976 0.50053 0.46181 0.42401 0.38749 0.35254 0.31936 0.28813 0.24513 0.19514 0.15331 0.11903 0.09143 0.06955 0.05245 0.03925 0.02916 0.02153
0.69428 0.67451 0.65244 0.62833 0.60243 0.57505 0.54650 0.51710 0.48717 0.45704 0.42700 0.39732 0.36827 0.34004 0.29966 0.25016 0.20619 0.16798 0.13542 0.10812 0.08557 0.06720 0.05240 0.04060
0.13565 0.12958 0.12307 0.11623 0.10918 0.10202 0.09486 0.08777 0.08083 0.07410 0.06764 0.06147 0.05565 0.05018 0.04266 0.03393 0.02664 0.02066 0.01585 0.01204 0.00906 0.00676 0.00501 0.00368
0.96357 0.93538 0.90464 0.87175 0.83713 0.80117 0.76422 0.72664 0.68873 0.65080 0.61310 0.57589 0.53938 0.50376 0.45236 0.38829 0.32997 0.27777 0.23178 0.19182 0.15756 0.12850 0.10414 0.08389
0.36545 0.36051 0.35470 0.34802 0.34048 0.33212 0.32298 0.31314 0.30268 0.29169 0.28026 0.26849 0.25647 0.24431 0.22597 0.20178 0.17839 0.15623 0.13562 0.11675 0.09974 0.08460 0.07127 0.05967
1.66086 1.62350 1.58156 1.53539 1.48541 1.43208 1.37589 1.31740 1.25714 1.19567 1.13353 1.07125 1.00930 0.94812 0.85867 0.74538 0.64067 0.54570 0.46099 0.38651 0.32186 0.26637 0.21922 0.17951
0.08091 0.07800 0.07493 0.07175 0.06849 0.06516 0.06179 0.05839 0.05497 0.05154 0.04810 0.04469 0.04131 0.03798 0.03314 0.02707 0.02156 0.01671 0.01256 0.00911 0.00632 0.00412 0.00245 0.00122
0.66354 0.64695 0.62865 0.60884 0.58776 0.56563 0.54268 0.51910 0.49512 0.47091 0.44666 0.42253 0.39866 0.37519 0.34097 0.29767 0.25754 0.22095 0.18804 0.15885 0.13326 0.11107 0.09202 0.07582
0.30491 0.29894 0.29215 0.28459 0.27628 0.26727 0.25762 0.24741 0.23672 0.22563 0.21425 0.20268 0.19102 0.17936 0.16208 0.13988 0.11911 0.10014 0.08320 0.06837 0.05560 0.04477 0.03573 0.02827
0.25047 0.24292 0.23452 0.22534 0.21550 0.20511 0.19428 0.18315 0.17184 0.16047 0.14916 0.13802 0.12714 0.11662 0.10164 0.08346 0.06752 0.05389 0.04248 0.03311 0.02554 0.01952 0.01480 0.01113
0.96579 0.93482 0.90133 0.86586 0.82893 0.79101 0.75254 0.71388 0.67537 0.63728 0.59986 0.56329 0.52773 0.49331 0.44404 0.38309 0.32784 0.27838 0.23461 0.19631 0.16312 0.13466 0.11047 0.09009
0.31501 0.30779 0.29950 0.29017 0.27987 0.26870 0.25676 0.24418 0.23111 0.21771 0.20413 0.19051 0.17699 0.16372 0.14449 0.12060 0.09916 0.08042 0.06440 0.05099 0.03995 0.03101 0.02387 0.01824
2.29184 2.23035 2.16248 2.08904 2.01087 1.92883 1.84376 1.75651 1.66789 1.57866 1.48956 1.40123 1.31428 1.22923 1.10619 0.95243 0.81218 0.68646 0.57547 0.47882 0.39568 0.32493 0.26532 0.21552
2.06940 2.00127 1.92502 1.84165 1.75231 1.65827 1.56090 1.46157 1.36161 1.26226 1.16463 1.06969 0.97825 0.89095 0.76878 0.62368 0.49947 0.39540 0.30980 0.24051 0.18518 0.14154 0.10747 0.08113
0.41835 0.40491 0.39030 0.37472 0.35838 0.34147 0.32420 0.30670 0.28915 0.27168 0.25441 0.23745 0.22090 0.20485 0.18186 0.15350 0.12803 0.10557 0.08611 0.06951 0.05557 0.04401 0.03454 0.02689
0.77276 0.74828 0.72190 0.69402 0.66499 0.63515 0.60477 0.57408 0.54332 0.51267 0.48231 0.45238 0.42305 0.39442 0.35307 0.30141 0.25425 0.21195 0.17464 0.14227 0.11461 0.09129 0.07191 0.05600
0.29857 0.28920 0.27904 0.26825 0.25695 0.24529 0.23338 0.22132 0.20921 0.19713 0.18516 0.17338 0.16184 0.15060 0.13441 0.11426 0.09597 0.07966 0.06536 0.05302 0.04254 0.03376 0.02651 0.02058
0.48013 0.46410 0.44633 0.42706 0.40655 0.38507 0.36292 0.34037 0.31771 0.29518 0.27302 0.25143 0.23058 0.21061 0.18255 0.14899 0.12002 0.09555 0.07525 0.05870 0.04539 0.03482 0.02653 0.02008
0.33802 0.32529 0.31147 0.29677 0.28143 0.26564 0.24960 0.23351 0.21752 0.20178 0.18644 0.17158 0.15731 0.14370 0.12463 0.10187 0.08223 0.06561 0.05179 0.04048 0.03135 0.02409 0.01837 0.01391
