0.13227 0.76960 0.95547 0.28698 0.05378 14.23550 6.03895
0.12795 0.82668 0.76276 0.24515 0.08317 13.23870 7.15569
0.10279 0.73933 0.79048 0.36530 0.10034 11.98220 10.42500
0.11341 0.89416 0.92051 0.17117 0.13411 12.62620 9.17610
0.10439 0.81080 0.79882 0.32109 0.07979 13.53670 8.62104
0.10695 0.77473 0.81004 0.38228 0.10063 9.58247 10.44080
0.11150 0.80342 0.83536 0.19749 0.07878 12.11260 10.52250
0.11286 0.73620 0.86900 0.23248 0.12539 14.98090 10.74860
0.10871 0.81982 0.81374 0.23643 0.06219 9.70214 10.39390
0.11307 0.78677 0.89000 0.33476 0.08615 9.35768 11.61340
0.11210 0.72037 0.82340 0.20899 0.11649 12.73270 11.63820
0.11201 0.84923 0.72592 0.39532 0.07086 10.36290 11.19290
0.10054 0.74470 0.97934 0.37817 0.11809 9.85620 8.90587
0.12424 0.75303 0.83898 0.17375 0.13443 9.72547 9.73109
0.12971 0.86994 0.75562 0.26810 0.11672 11.72720 6.61752
0.11791 0.88448 0.92346 0.28432 0.12488 11.90230 6.41039
0.13350 0.85529 0.86614 0.15513 0.06534 14.05850 10.77410
0.11611 0.81577 0.84654 0.34963 0.07967 14.68560 11.48320
0.13309 0.70308 0.80822 0.10252 0.09347 11.58470 8.12852
0.12171 0.74248 0.94684 0.11427 0.08307 10.01940 6.76157
0.10939 0.72949 0.90396 0.10433 0.06397 9.69616 8.18838
0.11941 0.90672 0.72123 0.32681 0.12164 13.25320 11.59280
0.10676 0.87884 0.72626 0.16291 0.12299 13.68930 11.75290
0.13103 0.90810 0.73457 0.18823 0.07350 14.21860 9.71317
0.10498 0.86239 0.73939 0.31165 0.12627 12.69490 9.14678
0.13115 0.75668 0.95275 0.11555 0.08829 10.96530 10.64530
0.13361 0.77520 0.78656 0.33872 0.11163 13.32750 6.88317
0.10659 0.76010 0.95061 0.19631 0.12108 9.65717 9.37467
0.11799 0.83300 0.88376 0.31958 0.08110 11.78960 9.43079
0.10487 0.74936 0.80212 0.35624 0.08531 10.70870 11.34130
0.11099 0.77167 0.97710 0.36691 0.09052 12.89500 7.52695
0.13447 0.75008 0.71429 0.39440 0.10799 9.87177 8.44887
0.12134 0.82472 0.85535 0.30452 0.13175 12.81020 10.06780
0.10835 0.84536 0.87281 0.16827 0.08680 14.55640 7.39763
0.11582 0.89949 0.84626 0.27162 0.11586 10.11960 7.27898
0.11953 0.90886 0.94274 0.11845 0.06717 10.79410 6.15534
0.11265 0.79617 0.70327 0.20078 0.12339 10.09900 11.51480
0.10237 0.84878 0.77361 0.31753 0.05946 13.35990 11.78610
0.10108 0.82261 0.76745 0.33197 0.10466 9.74117 10.01980
0.12909 0.79525 0.87900 0.27306 0.06062 12.92340 9.26413
0.13403 0.72324 0.94549 0.14866 0.07828 12.43480 10.59720
0.12074 0.79770 0.83953 0.19414 0.05050 11.06290 10.02330
0.12087 0.84070 0.81045 0.23964 0.07775 14.93090 7.94823
0.12522 0.84585 0.96253 0.23856 0.09026 13.14610 10.36720
0.13393 0.71423 0.84874 0.24022 0.09694 12.79600 11.47600
0.12607 0.72651 0.94071 0.38714 0.11566 13.60550 6.31740
0.11983 0.81317 0.79465 0.13760 0.12613 14.71000 11.54890
0.11303 0.76870 0.79165 0.37161 0.12200 9.61055 10.04230
0.12408 0.86086 0.85632 0.10901 0.06324 9.12009 8.56821
0.12807 0.70082 0.93397 0.17687 0.08204 14.67100 8.30878
0.12320 0.79275 0.77603 0.35965 0.10766 12.08050 6.29046
0.10231 0.81011 0.87029 0.14265 0.05604 10.98670 8.73068
0.12773 0.74077 0.70397 0.34897 0.10972 13.57820 7.88105
0.11318 0.78213 0.90524 0.17750 0.05499 9.42456 6.70682
0.10643 0.70610 0.97786 0.38104 0.08985 9.36410 9.77718
0.10263 0.75045 0.80663 0.30106 0.05987 11.61920 7.79362
0.10090 0.77894 0.77492 0.14356 0.08912 12.13560 11.89540
0.10912 0.85330 0.70198 0.29022 0.10547 14.08260 10.67920
0.13057 0.86850 0.73345 0.11226 0.08790 11.87800 9.04790
0.13009 0.76626 0.96832 0.38886 0.05837 11.20950 7.13385
0.12852 0.83948 0.90691 0.15754 0.10334 13.97320 7.93222
0.10192 0.80132 0.89598 0.17801 0.11972 13.76440 7.63386
0.13179 0.85657 0.94094 0.32238 0.05994 12.91230 9.78820
0.13479 0.83550 0.93878 0.25419 0.09647 11.56620 6.04786
0.11638 0.77931 0.77146 0.38472 0.09475 13.03900 6.48226
0.11222 0.76086 0.84798 0.36956 0.10127 13.62170 6.20910
0.12938 0.83086 0.73564 0.33235 0.12591 12.85980 9.83181
0.11173 0.71510 0.81227 0.32809 0.10221 10.30140 6.95504
0.11046 0.85716 0.89469 0.26481 0.09973 11.34040 6.26420
0.11868 0.87483 0.86331 0.21402 0.09249 11.48830 10.84930
0.12731 0.79957 0.88946 0.29960 0.11492 11.71620 8.58233
0.10213 0.75389 0.84199 0.33084 0.11008 12.47720 10.78100
0.12250 0.90998 0.86103 0.18770 0.07894 10.15390 11.99040
0.12364 0.87300 0.80575 0.22461 0.05061 10.29930 8.80750
0.11763 0.78115 0.72809 0.19075 0.05871 14.00330 7.85599
0.12904 0.84476 0.95639 0.15240 0.12328 9.16332 10.48340
0.11138 0.90134 0.91922 0.31897 0.13434 11.92350 7.96879
0.11528 0.89104 0.96527 0.11659 0.07588 14.52240 8.67767
0.10098 0.70053 0.83096 0.28290 0.08815 14.50680 6.57735
0.10633 0.90049 0.83479 0.37088 0.11344 14.47610 6.90377
0.10356 0.88765 0.74936 0.28930 0.08694 11.95980 10.27270
0.10041 0.70732 0.85227 0.28592 0.13304 13.73610 10.93970
0.13138 0.89738 0.80272 0.17523 0.06790 13.87730 9.30201
0.10031 0.79365 0.92775 0.36176 0.08397 12.04110 8.22037
0.11648 0.71737 0.78396 0.18275 0.07567 10.33120 7.17786
0.10569 0.78897 0.89410 0.20936 0.06358 9.90388 6.32584
0.13245 0.76698 0.89848 0.22749 0.11863 10.61880 11.36390
0.10183 0.76382 0.85143 0.15651 0.10152 12.22850 11.42100
0.11085 0.88490 0.89244 0.29368 0.07701 14.38230 8.77023
0.12705 0.89491 0.75350 0.19223 0.09726 12.01430 6.79337
0.10425 0.72400 0.86347 0.21035 0.12988 14.42850 7.75974
0.13032 0.84807 0.78795 0.24662 0.06691 13.37780 8.75377
0.10341 0.79105 0.82045 0.19819 0.10689 12.16990 8.47839
0.12543 0.74855 0.83188 0.24780 0.10868 14.88020 7.34796
0.12381 0.80507 0.95678 0.14551 0.13071 13.65130 10.55050
0.12958 0.85784 0.83030 0.21604 0.06978 12.87540 7.21208
0.10154 0.84248 0.84108 0.15044 0.11616 9.77951 11.13750
0.12346 0.79862 0.81177 0.37593 0.09511 11.31460 9.64059
0.10128 0.84030 0.83728 0.29725 0.07138 10.38180 11.77340
0.13376 0.80857 0.90088 0.24887 0.09320 14.63940 9.51993
0.13136 0.88882 0.71787 0.30628 0.09496 14.15310 6.74704
0.13215 0.87043 0.84428 0.27413 0.05306 12.44840 8.16152
0.10852 0.82877 0.71934 0.15418 0.07168 13.49540 10.46360
0.13018 0.74776 0.82587 0.20607 0.11188 13.04510 11.90350
0.10795 0.82744 0.90294 0.29863 0.07837 12.75340 10.33380
0.11862 0.80671 0.91754 0.39934 0.08874 12.31250 9.49112
0.12395 0.88096 0.91070 0.30082 0.07118 11.28280 10.22650
0.13241 0.90165 0.85978 0.31435 0.09832 11.37190 7.50635
0.11561 0.72245 0.85314 0.12544 0.11914 11.00820 7.18019
0.12877 0.78012 0.78549 0.26026 0.06256 12.58600 10.09510
0.12747 0.79924 0.92405 0.27511 0.11762 9.22797 6.12436
0.10400 0.82600 0.82621 0.27052 0.06895 13.46370 10.20540
0.11834 0.71662 0.74294 0.38096 0.13360 11.19970 9.95543
0.12941 0.88758 0.74853 0.22596 0.10092 9.83806 11.26420
0.11628 0.78865 0.74139 0.38514 0.05458 12.48730 7.82186
0.10536 0.82906 0.70801 0.10736 0.08464 14.86430 9.24899
0.11393 0.87927 0.90754 0.12127 0.11063 9.08479 11.87020
0.10974 0.77610 0.70984 0.25210 0.11485 10.16070 8.93954
0.11482 0.89285 0.94238 0.16553 0.09537 14.64910 10.31880
0.11019 0.85133 0.97257 0.28368 0.06444 13.00450 9.21246
0.13190 0.76161 0.90231 0.31284 0.05324 13.98970 11.97330
0.12341 0.70252 0.87264 0.27251 0.05932 10.53940 7.09054
0.13345 0.72877 0.73795 0.24234 0.10385 11.83090 8.35168
0.11674 0.78792 0.82950 0.23110 0.08594 9.66828 9.35703
0.12162 0.85043 0.92157 0.25878 0.12254 13.10020 6.36472
0.11878 0.81638 0.92556 0.24381 0.11689 10.76310 7.23409
0.12089 0.89194 0.97183 0.26305 0.05256 14.84860 11.31470
0.11903 0.79673 0.80437 0.35059 0.12380 14.27350 9.28690
0.12709 0.76746 0.70892 0.30893 0.09862 11.62620 10.82740
0.10625 0.81525 0.87657 0.37342 0.13021 12.26440 9.69589
0.13490 0.77231 0.87487 0.19583 0.08023 12.38060 6.83818
0.13048 0.89861 0.70470 0.12387 0.05647 13.89040 7.05473
0.10141 0.70361 0.93100 0.36715 0.12811 13.59450 11.16010
0.10968 0.81183 0.87974 0.39237 0.11957 12.28150 6.55807
0.11855 0.71185 0.70660 0.34688 0.05592 14.58810 9.80917
0.10811 0.86344 0.84085 0.39172 0.12788 13.16890 10.63280
0.11360 0.74683 0.94828 0.28787 0.11271 9.53579 8.94549
0.12514 0.78412 0.71498 0.36332 0.06863 14.07640 8.39573
0.10511 0.85280 0.88395 0.22288 0.10924 9.79241 9.58912
0.11506 0.80608 0.75924 0.28004 0.07619 12.55130 11.23400
0.11378 0.87100 0.76546 0.15387 0.13106 9.48533 7.42596
0.11566 0.87367 0.78083 0.26682 0.07522 13.08680 8.86257
0.12183 0.82171 0.80461 0.20155 0.10624 10.23500 7.47047
0.10597 0.83395 0.87767 0.39045 0.13473 14.41920 9.40597
0.11003 0.82207 0.95983 0.26196 0.07214 9.05499 10.61880
0.12268 0.80186 0.71648 0.14900 0.12442 10.91850 10.80950
0.11427 0.70157 0.93032 0.16444 0.11301 11.74330 6.09408
0.11375 0.70478 0.89903 0.13287 0.09916 11.89060 6.99187
0.11443 0.74181 0.88222 0.16191 0.09412 14.90850 11.72890
0.10370 0.73122 0.75743 0.23459 0.08558 9.89098 7.60376
0.10883 0.88263 0.80036 0.11015 0.09287 14.37570 8.01072
0.12722 0.77314 0.91283 0.15812 0.10495 10.86360 11.01470
0.10591 0.83351 0.81895 0.13398 0.07500 11.52820 11.02650
0.10905 0.87783 0.96932 0.25030 0.11260 14.82960 6.10365
0.11597 0.72233 0.83303 0.18198 0.06152 10.05570 10.10280
0.12484 0.70974 0.72236 0.12412 0.05090 13.28640 10.16900
0.13106 0.70499 0.85761 0.32071 0.07393 14.11030 9.86225
0.13085 0.88312 0.73411 0.23541 0.12870 13.43650 6.17358
0.10325 0.73349 0.75280 0.16362 0.06110 9.19444 11.33460
0.11893 0.71207 0.90884 0.24178 0.05655 9.81291 9.53583
0.10464 0.71798 0.79926 0.35596 0.10412 13.67190 8.28266
0.12296 0.89376 0.90923 0.29551 0.13155 10.24550 11.08750
0.10824 0.83226 0.87452 0.10566 0.06523 14.30240 8.52239
0.12664 0.80713 0.73642 0.32427 0.06994 13.80370 7.41822
0.12679 0.75809 0.81419 0.28846 0.05705 13.94970 6.64270
0.12840 0.89589 0.94483 0.34384 0.11742 13.93300 8.98510
0.10722 0.77380 0.91630 0.21342 0.06834 11.41100 8.70641
0.11782 0.80467 0.88635 0.21803 0.05027 12.24340 11.53770
0.12328 0.87168 0.97882 0.36218 0.07290 12.71380 9.02201
0.13285 0.74749 0.96443 0.23746 0.09259 12.06790 7.54526
0.10303 0.74558 0.79409 0.28165 0.11849 9.62818 10.29150
0.10165 0.77003 0.88110 0.17971 0.12452 9.95964 8.42595
0.13172 0.82361 0.96724 0.25990 0.06643 9.93985 9.23637
0.11817 0.75471 0.74697 0.38963 0.07937 12.19160 6.19527
0.11962 0.74339 0.71368 0.34110 0.07191 10.18830 6.68993
0.10336 0.73247 0.97390 0.17404 0.07061 9.31891 7.25095
0.11450 0.80250 0.83700 0.37426 0.05756 10.50580 11.81350
0.12598 0.88012 0.93726 0.33703 0.06449 10.74160 8.54776
0.13419 0.80834 0.75804 0.18613 0.08170 11.10740 8.10475
0.10001 0.85421 0.77049 0.24448 0.10554 11.13110 7.86695
0.10560 0.74059 0.84965 0.22312 0.09991 12.35710 8.03647
0.12505 0.79436 0.94959 0.16647 0.07023 10.73620 6.81549
0.10201 0.84332 0.78758 0.11909 0.10642 11.76020 10.50890
0.11502 0.73520 0.73066 0.31307 0.11051 11.84300 6.00883
0.12374 0.81249 0.79303 0.20787 0.13350 9.20564 8.49863
0.12014 0.84643 0.85827 0.22854 0.11216 12.96290 7.11703
0.12196 0.76848 0.93449 0.27600 0.10263 13.06790 6.84643
0.10078 0.72003 0.96973 0.33619 0.05780 14.75930 9.11408
0.12687 0.88158 0.88502 0.35709 0.12130 14.79530 7.37329
0.12151 0.81769 0.83355 0.30560 0.05255 13.41160 8.97166
0.13464 0.90621 0.76127 0.21225 0.06382 11.25570 6.86222
0.11056 0.71078 0.70045 0.29648 0.12410 13.12110 8.25385
0.11353 0.86780 0.86605 0.29241 0.13288 10.20630 10.71230
0.11916 0.89740 0.72011 0.15154 0.09016 10.88370 9.60349
0.11998 0.90352 0.77989 0.31648 0.12930 11.80840 8.51151
0.11248 0.74516 0.81620 0.19396 0.08085 12.36210 6.23239
0.11469 0.90234 0.72930 0.13583 0.10725 9.39310 7.80960
0.10515 0.73920 0.86442 0.26711 0.08257 10.92900 10.35730
0.10580 0.87612 0.95132 0.32977 0.09097 10.82810 7.72168
0.10383 0.71039 0.77784 0.23070 0.10895 14.95050 8.14213
0.11231 0.89648 0.87573 0.29440 0.12726 11.09470 10.73960
0.12566 0.89169 0.81990 0.26555 0.11395 10.66790 9.96664
0.12434 0.72717 0.73898 0.17053 0.10508 11.69850 6.06680
0.10953 0.73151 0.71242 0.35424 0.09608 14.19240 6.38619
0.10311 0.88954 0.85036 0.33374 0.06077 9.27013 9.67041
0.10759 0.75878 0.70632 0.35285 0.08494 14.73620 11.07990
0.13261 0.78266 0.95387 0.12866 0.07651 11.04460 11.71130
0.11123 0.83647 0.82206 0.21152 0.09117 14.16310 7.56203
0.13438 0.87248 0.79524 0.23376 0.07266 12.61090 10.41710
0.10414 0.88557 0.93157 0.30752 0.12881 9.98863 7.07695
0.11659 0.90548 0.79104 0.30912 0.10714 9.44025 8.40615
0.12232 0.89031 0.77858 0.27818 0.09376 10.58400 7.65644
0.12976 0.83495 0.95917 0.37677 0.09784 9.55176 6.46924
0.13475 0.86385 0.82830 0.34556 0.08452 12.57620 9.91876
0.10724 0.77118 0.82416 0.36885 0.05547 13.38840 7.29226
0.10472 0.75566 0.81669 0.14163 0.07431 12.98810 8.65821
0.10544 0.82993 0.74974 0.13868 0.07370 14.80480 6.24960
0.12052 0.86023 0.91459 0.37215 0.13095 14.13510 10.14570
0.10738 0.72585 0.77746 0.12273 0.12017 9.41328 6.67602
0.11994 0.72768 0.93972 0.38394 0.08268 12.50920 7.45638
0.11599 0.83152 0.77411 0.25639 0.08417 12.67280 11.25450
0.11705 0.73073 0.76719 0.36086 0.12075 13.71990 11.38180
0.12588 0.81733 0.80161 0.33964 0.10979 11.22430 6.59731
0.12308 0.86694 0.85898 0.20377 0.08887 14.49810 11.40400
0.12756 0.76465 0.95375 0.14463 0.12656 11.46920 9.85522
0.11687 0.80933 0.97523 0.25572 0.05715 10.94210 7.69529
0.11700 0.85826 0.94773 0.11778 0.10297 9.02680 11.64450
0.12992 0.82674 0.72408 0.17265 0.08050 13.31180 8.32076
0.12574 0.75881 0.91273 0.25384 0.06207 13.51870 9.32723
0.12927 0.72486 0.77218 0.16751 0.12832 9.11437 11.83520
0.12034 0.88372 0.88106 0.34428 0.08358 14.33720 6.96983
0.13328 0.90390 0.73136 0.16015 0.05445 14.96440 10.19850
0.13070 0.70846 0.94370 0.39683 0.05420 13.20100 8.78474
0.10679 0.86654 0.91168 0.20525 0.09895 10.47760 8.85014
0.12613 0.89962 0.78212 0.18598 0.10174 10.84790 9.93036
0.13300 0.82435 0.72333 0.18090 0.09943 11.26360 10.99610
0.10616 0.75457 0.78880 0.34243 0.11887 10.42050 7.00891
0.11011 0.78713 0.92700 0.18411 0.06479 10.55180 10.90260
0.10063 0.77656 0.96226 0.21748 0.08653 13.55290 8.07131
0.12207 0.79050 0.96693 0.31508 0.06943 13.75690 10.14000
0.12141 0.90471 0.75692 0.25174 0.12253 11.67190 9.12696
0.11726 0.71357 0.97128 0.27772 0.11349 10.63130 11.92290
0.11488 0.84362 0.97609 0.22074 0.06276 12.15610 9.56875
0.12652 0.71953 0.74405 0.22956 0.10357 10.12670 8.37870
0.13314 0.79223 0.92256 0.12907 0.11785 9.07927 11.04000
0.10450 0.88675 0.76952 0.39317 0.10314 9.46612 9.07125
0.10892 0.79473 0.75477 0.37724 0.13007 11.45540 6.72620
0.12626 0.74346 0.79675 0.13609 0.13245 10.69360 6.44656
0.10785 0.83858 0.85447 0.10318 0.11453 13.19180 6.92149
0.13156 0.81462 0.91971 0.31086 0.10825 12.03200 11.15000
0.10775 0.76279 0.86211 0.24913 0.09159 13.84500 7.58943
0.11929 0.76575 0.80873 0.26291 0.08175 13.78510 9.01634
0.11079 0.87533 0.70117 0.25750 0.06164 14.56300 10.25040
0.12887 0.70825 0.89080 0.32594 0.06648 13.91060 7.66665
0.10707 0.78980 0.91714 0.13478 0.05818 11.65390 7.70062
0.12060 0.73752 0.93590 0.33518 0.05211 12.64710 9.89632
0.13413 0.76367 0.88825 0.20430 0.11426 13.45470 11.95260
0.11282 0.86477 0.74621 0.11117 0.08141 10.06320 8.05007
0.10396 0.81360 0.76405 0.11316 0.11529 14.02050 9.08373
0.12027 0.73425 0.90616 0.26902 0.09742 13.26340 10.69650
0.11413 0.71297 0.89636 0.21588 0.11126 10.49310 9.55416
0.12105 0.83763 0.89976 0.32706 0.05115 10.34850 8.21634
0.12261 0.71880 0.96101 0.13956 0.06614 11.55360 8.89641
0.12120 0.75707 0.74016 0.39844 0.10199 14.25030 7.98815
0.12486 0.78511 0.76170 0.38619 0.06764 10.80240 10.57560
0.11549 0.73461 0.86862 0.10688 0.06564 11.02330 6.34949
0.12441 0.83930 0.75137 0.14643 0.06044 11.15770 8.69114
0.12815 0.76144 0.76455 0.37930 0.12738 14.60530 11.45560
0.11744 0.72106 0.79776 0.35381 0.12041 14.35980 6.52008
0.10927 0.81946 0.73222 0.12666 0.09211 9.15971 11.69170
0.12469 0.85953 0.82280 0.10150 0.06903 9.32928 7.77302
0.12864 0.75233 0.88671 0.39780 0.12188 14.76990 10.95360
0.11737 0.80412 0.81839 0.20213 0.13258 12.32300 8.82294
0.12832 0.84750 0.81501 0.22157 0.09428 11.97140 10.97850
0.10846 0.72843 0.93260 0.30396 0.05536 12.53320 7.91513
0.10987 0.84210 0.75110 0.10067 0.12691 10.03340 9.63412
0.13200 0.85249 0.76017 0.36480 0.12960 11.50990 9.19575
0.12777 0.78149 0.92922 0.19180 0.07442 12.41760 7.30235
0.11760 0.86134 0.89200 0.35133 0.05894 9.50008 11.56590
0.12550 0.77776 0.71162 0.32382 0.07317 14.45670 6.62406
0.11820 0.73668 0.74252 0.34047 0.07687 12.94840 11.29190
0.11408 0.71540 0.91494 0.10863 0.10849 12.77310 7.02933
0.11531 0.78582 0.84310 0.14052 0.08766 9.96583 11.67840
0.10138 0.75179 0.93644 0.35860 0.11116 9.29621 8.26169
0.12217 0.83718 0.82718 0.27961 0.06754 10.65790 9.44758
0.11072 0.90780 0.71727 0.12710 0.08733 11.38280 11.20980
0.13270 0.82087 0.72772 0.22633 0.08939 9.25420 10.87110
0.10021 0.87721 0.78221 0.29192 0.05194 10.45500 6.42006
0.12280 0.86259 0.84489 0.13141 0.05148 9.00842 9.38570
0.11110 0.85606 0.71079 0.16944 0.12529 11.43770 7.48123
0.10246 0.78334 0.87097 0.12031 0.09622 10.57740 11.85890
0.12644 0.86573 0.95808 0.18377 0.05358 10.41170 7.33161
0.10288 0.80073 0.78406 0.13033 0.09166 12.83980 10.89020
0.13043 0.81843 0.76854 0.30207 0.09589 11.32180 11.10420
0.12452 0.70639 0.74567 0.14742 0.07733 12.20930 9.98992
0.10756 0.85074 0.92625 0.15995 0.09803 13.82130 8.09749
0.11257 0.87657 0.86760 0.34738 0.13205 14.28040 9.75519
0.11162 0.86915 0.89765 0.18973 0.10601 11.17780 6.50662
0.11184 0.73836 0.72445 0.21902 0.07786 10.26840 9.46854
0.11036 0.77764 0.96330 0.19955 0.07466 9.57740 8.60373
